# Label: VTEC=ZY07 电离层天顶TEC数据
# Units: VTEC=1 TECU
# Source:  ZY07GNSS data
# Missing data: -100000
# Min/Max: VTEC=0/200000
# DateTime:UT
#YR  MO  DA  HH  MM SS VTEC
# End of Header
2016 12 23 00 00 00 -100000.000
2016 12 23 00 00 30       3.894
2016 12 23 00 01 00       3.853
2016 12 23 00 01 30       3.817
2016 12 23 00 02 00       3.787
2016 12 23 00 02 30       3.763
2016 12 23 00 03 00       3.741
2016 12 23 00 03 30       3.724
2016 12 23 00 04 00       3.709
2016 12 23 00 04 30       3.697
2016 12 23 00 05 00       3.689
2016 12 23 00 05 30       3.681
2016 12 23 00 06 00       3.676
2016 12 23 00 06 30       3.673
2016 12 23 00 07 00       3.673
2016 12 23 00 07 30       3.675
2016 12 23 00 08 00       3.677
2016 12 23 00 08 30       3.684
2016 12 23 00 09 00       3.689
2016 12 23 00 09 30       3.696
2016 12 23 00 10 00       3.702
2016 12 23 00 10 30       3.712
2016 12 23 00 11 00       3.723
2016 12 23 00 11 30       3.734
2016 12 23 00 12 00       3.747
2016 12 23 00 12 30       3.761
2016 12 23 00 13 00       3.777
2016 12 23 00 13 30       3.793
2016 12 23 00 14 00       3.807
2016 12 23 00 14 30       3.825
2016 12 23 00 15 00       3.844
2016 12 23 00 15 30       3.862
2016 12 23 00 16 00       3.880
2016 12 23 00 16 30       3.899
2016 12 23 00 17 00       3.917
2016 12 23 00 17 30       3.936
2016 12 23 00 18 00       3.957
2016 12 23 00 18 30       3.981
2016 12 23 00 19 00       4.003
2016 12 23 00 19 30       4.005
2016 12 23 00 20 00       4.006
2016 12 23 00 20 30       3.983
2016 12 23 00 21 00       3.961
2016 12 23 00 21 30       3.942
2016 12 23 00 22 00       3.923
2016 12 23 00 22 30       3.908
2016 12 23 00 23 00       3.921
2016 12 23 00 23 30       3.933
2016 12 23 00 24 00       3.945
2016 12 23 00 24 30       3.957
2016 12 23 00 25 00       3.968
2016 12 23 00 25 30       3.979
2016 12 23 00 26 00       3.990
2016 12 23 00 26 30       4.003
2016 12 23 00 27 00       4.013
2016 12 23 00 27 30       4.023
2016 12 23 00 28 00       4.035
2016 12 23 00 28 30       4.048
2016 12 23 00 29 00       4.059
2016 12 23 00 29 30       4.069
2016 12 23 00 30 00       4.079
2016 12 23 00 30 30       4.090
2016 12 23 00 31 00       4.102
2016 12 23 00 31 30       4.114
2016 12 23 00 32 00       4.125
2016 12 23 00 32 30       4.136
2016 12 23 00 33 00       4.147
2016 12 23 00 33 30       4.160
2016 12 23 00 34 00       4.165
2016 12 23 00 34 30       4.173
2016 12 23 00 35 00       4.179
2016 12 23 00 35 30       4.187
2016 12 23 00 36 00       4.197
2016 12 23 00 36 30       4.207
2016 12 23 00 37 00       4.220
2016 12 23 00 37 30       4.231
2016 12 23 00 38 00       4.245
2016 12 23 00 38 30       4.258
2016 12 23 00 39 00       4.273
2016 12 23 00 39 30       4.288
2016 12 23 00 40 00       4.303
2016 12 23 00 40 30       4.318
2016 12 23 00 41 00       4.333
2016 12 23 00 41 30       4.348
2016 12 23 00 42 00       4.364
2016 12 23 00 42 30       4.379
2016 12 23 00 43 00       4.395
2016 12 23 00 43 30       4.411
2016 12 23 00 44 00       4.428
2016 12 23 00 44 30       4.444
2016 12 23 00 45 00       4.461
2016 12 23 00 45 30       4.478
2016 12 23 00 46 00       4.493
2016 12 23 00 46 30       4.509
2016 12 23 00 47 00       4.525
2016 12 23 00 47 30       4.541
2016 12 23 00 48 00       4.557
2016 12 23 00 48 30       4.574
2016 12 23 00 49 00       4.590
2016 12 23 00 49 30       4.607
2016 12 23 00 50 00       4.625
2016 12 23 00 50 30       4.643
2016 12 23 00 51 00       4.660
2016 12 23 00 51 30       4.678
2016 12 23 00 52 00       4.696
2016 12 23 00 52 30       4.714
2016 12 23 00 53 00       4.732
2016 12 23 00 53 30       4.751
2016 12 23 00 54 00       4.768
2016 12 23 00 54 30       4.784
2016 12 23 00 55 00       4.802
2016 12 23 00 55 30       4.819
2016 12 23 00 56 00       4.835
2016 12 23 00 56 30       4.852
2016 12 23 00 57 00       4.869
2016 12 23 00 57 30       4.888
2016 12 23 00 58 00       4.907
2016 12 23 00 58 30       4.925
2016 12 23 00 59 00       4.943
2016 12 23 00 59 30       4.960
2016 12 23 01 00 00       4.978
2016 12 23 01 00 30       5.058
2016 12 23 01 01 00       5.126
2016 12 23 01 01 30       5.185
2016 12 23 01 02 00       5.237
2016 12 23 01 02 30       5.284
2016 12 23 01 03 00       5.325
2016 12 23 01 03 30       5.360
2016 12 23 01 04 00       5.393
2016 12 23 01 04 30       5.422
2016 12 23 01 05 00       5.447
2016 12 23 01 05 30       5.470
2016 12 23 01 06 00       5.491
2016 12 23 01 06 30       5.510
2016 12 23 01 07 00       5.528
2016 12 23 01 07 30       5.544
2016 12 23 01 08 00       5.560
2016 12 23 01 08 30       5.574
2016 12 23 01 09 00       5.602
2016 12 23 01 09 30       5.628
2016 12 23 01 10 00       5.652
2016 12 23 01 10 30       5.673
2016 12 23 01 11 00       5.694
2016 12 23 01 11 30       5.719
2016 12 23 01 12 00       5.743
2016 12 23 01 12 30       5.765
2016 12 23 01 13 00       5.786
2016 12 23 01 13 30       5.805
2016 12 23 01 14 00       5.824
2016 12 23 01 14 30       5.842
2016 12 23 01 15 00       5.859
2016 12 23 01 15 30       5.875
2016 12 23 01 16 00       5.889
2016 12 23 01 16 30       5.903
2016 12 23 01 17 00       5.917
2016 12 23 01 17 30       5.932
2016 12 23 01 18 00       5.947
2016 12 23 01 18 30       5.962
2016 12 23 01 19 00       5.979
2016 12 23 01 19 30       5.993
2016 12 23 01 20 00       6.010
2016 12 23 01 20 30       6.025
2016 12 23 01 21 00       6.042
2016 12 23 01 21 30       6.058
2016 12 23 01 22 00       6.074
2016 12 23 01 22 30       6.089
2016 12 23 01 23 00       6.105
2016 12 23 01 23 30       6.121
2016 12 23 01 24 00       6.136
2016 12 23 01 24 30       6.150
2016 12 23 01 25 00       6.165
2016 12 23 01 25 30       6.181
2016 12 23 01 26 00       6.195
2016 12 23 01 26 30       6.208
2016 12 23 01 27 00       6.222
2016 12 23 01 27 30       6.235
2016 12 23 01 28 00       6.247
2016 12 23 01 28 30       6.261
2016 12 23 01 29 00       6.274
2016 12 23 01 29 30       6.289
2016 12 23 01 30 00       6.302
2016 12 23 01 30 30       6.316
2016 12 23 01 31 00       6.331
2016 12 23 01 31 30       6.346
2016 12 23 01 32 00       6.361
2016 12 23 01 32 30       6.377
2016 12 23 01 33 00       6.393
2016 12 23 01 33 30       6.429
2016 12 23 01 34 00       6.464
2016 12 23 01 34 30       6.499
2016 12 23 01 35 00       6.535
2016 12 23 01 35 30       6.569
2016 12 23 01 36 00       6.602
2016 12 23 01 36 30       6.635
2016 12 23 01 37 00       6.665
2016 12 23 01 37 30       6.694
2016 12 23 01 38 00       6.721
2016 12 23 01 38 30       6.748
2016 12 23 01 39 00       6.772
2016 12 23 01 39 30       6.832
2016 12 23 01 40 00       6.884
2016 12 23 01 40 30       6.930
2016 12 23 01 41 00       6.971
2016 12 23 01 41 30       7.009
2016 12 23 01 42 00       7.044
2016 12 23 01 42 30       7.076
2016 12 23 01 43 00       7.105
2016 12 23 01 43 30       7.134
2016 12 23 01 44 00       7.164
2016 12 23 01 44 30       7.193
2016 12 23 01 45 00       7.222
2016 12 23 01 45 30       7.250
2016 12 23 01 46 00       7.275
2016 12 23 01 46 30       7.298
2016 12 23 01 47 00       7.322
2016 12 23 01 47 30       7.344
2016 12 23 01 48 00       7.364
2016 12 23 01 48 30       7.385
2016 12 23 01 49 00       7.405
2016 12 23 01 49 30       7.425
2016 12 23 01 50 00       7.443
2016 12 23 01 50 30       7.459
2016 12 23 01 51 00       7.475
2016 12 23 01 51 30       7.493
2016 12 23 01 52 00       7.509
2016 12 23 01 52 30       7.529
2016 12 23 01 53 00       7.547
2016 12 23 01 53 30       7.566
2016 12 23 01 54 00       7.585
2016 12 23 01 54 30       7.604
2016 12 23 01 55 00       7.623
2016 12 23 01 55 30       7.644
2016 12 23 01 56 00       7.664
2016 12 23 01 56 30       7.683
2016 12 23 01 57 00       7.704
2016 12 23 01 57 30       7.725
2016 12 23 01 58 00       7.743
2016 12 23 01 58 30       7.762
2016 12 23 01 59 00       7.780
2016 12 23 01 59 30       7.797
2016 12 23 02 00 00       7.815
2016 12 23 02 00 30       7.832
2016 12 23 02 01 00       7.850
2016 12 23 02 01 30       7.866
2016 12 23 02 02 00       7.883
2016 12 23 02 02 30       7.898
2016 12 23 02 03 00       7.918
2016 12 23 02 03 30       7.936
2016 12 23 02 04 00       7.955
2016 12 23 02 04 30       7.975
2016 12 23 02 05 00       7.996
2016 12 23 02 05 30       8.017
2016 12 23 02 06 00       8.038
2016 12 23 02 06 30       8.061
2016 12 23 02 07 00       8.084
2016 12 23 02 07 30       8.106
2016 12 23 02 08 00       8.128
2016 12 23 02 08 30       8.151
2016 12 23 02 09 00       8.173
2016 12 23 02 09 30       8.194
2016 12 23 02 10 00       8.212
2016 12 23 02 10 30       8.228
2016 12 23 02 11 00       8.243
2016 12 23 02 11 30       8.257
2016 12 23 02 12 00       8.269
2016 12 23 02 12 30       8.279
2016 12 23 02 13 00       8.286
2016 12 23 02 13 30       8.290
2016 12 23 02 14 00       8.293
2016 12 23 02 14 30       8.296
2016 12 23 02 15 00       8.299
2016 12 23 02 15 30       8.301
2016 12 23 02 16 00       8.301
2016 12 23 02 16 30       8.304
2016 12 23 02 17 00       8.304
2016 12 23 02 17 30       8.306
2016 12 23 02 18 00       8.309
2016 12 23 02 18 30       8.310
2016 12 23 02 19 00       8.313
2016 12 23 02 19 30       8.317
2016 12 23 02 20 00       8.321
2016 12 23 02 20 30       8.325
2016 12 23 02 21 00       8.329
2016 12 23 02 21 30       8.335
2016 12 23 02 22 00       8.338
2016 12 23 02 22 30       8.341
2016 12 23 02 23 00       8.346
2016 12 23 02 23 30       8.351
2016 12 23 02 24 00       8.355
2016 12 23 02 24 30       8.360
2016 12 23 02 25 00       8.363
2016 12 23 02 25 30       8.367
2016 12 23 02 26 00       8.370
2016 12 23 02 26 30       8.349
2016 12 23 02 27 00       8.334
2016 12 23 02 27 30       8.323
2016 12 23 02 28 00       8.314
2016 12 23 02 28 30       8.308
2016 12 23 02 29 00       8.302
2016 12 23 02 29 30       8.298
2016 12 23 02 30 00       8.298
2016 12 23 02 30 30       8.299
2016 12 23 02 31 00       8.301
2016 12 23 02 31 30       8.303
2016 12 23 02 32 00       8.305
2016 12 23 02 32 30       8.309
2016 12 23 02 33 00       8.315
2016 12 23 02 33 30       8.322
2016 12 23 02 34 00       8.327
2016 12 23 02 34 30       8.334
2016 12 23 02 35 00       8.341
2016 12 23 02 35 30       8.348
2016 12 23 02 36 00       8.354
2016 12 23 02 36 30       8.359
2016 12 23 02 37 00       8.365
2016 12 23 02 37 30       8.372
2016 12 23 02 38 00       8.380
2016 12 23 02 38 30       8.386
2016 12 23 02 39 00       8.391
2016 12 23 02 39 30       8.396
2016 12 23 02 40 00       8.401
2016 12 23 02 40 30       8.404
2016 12 23 02 41 00       8.407
2016 12 23 02 41 30       8.410
2016 12 23 02 42 00       8.413
2016 12 23 02 42 30       8.419
2016 12 23 02 43 00       8.422
2016 12 23 02 43 30       8.426
2016 12 23 02 44 00       8.432
2016 12 23 02 44 30       8.438
2016 12 23 02 45 00       8.446
2016 12 23 02 45 30       8.452
2016 12 23 02 46 00       8.459
2016 12 23 02 46 30       8.467
2016 12 23 02 47 00       8.478
2016 12 23 02 47 30       8.489
2016 12 23 02 48 00       8.498
2016 12 23 02 48 30       8.508
2016 12 23 02 49 00       8.519
2016 12 23 02 49 30       8.528
2016 12 23 02 50 00       8.537
2016 12 23 02 50 30       8.550
2016 12 23 02 51 00       8.561
2016 12 23 02 51 30       8.571
2016 12 23 02 52 00       8.583
2016 12 23 02 52 30       8.593
2016 12 23 02 53 00       8.603
2016 12 23 02 53 30       8.616
2016 12 23 02 54 00       8.626
2016 12 23 02 54 30       8.637
2016 12 23 02 55 00       8.647
2016 12 23 02 55 30       8.657
2016 12 23 02 56 00       8.669
2016 12 23 02 56 30       8.680
2016 12 23 02 57 00       8.691
2016 12 23 02 57 30       8.700
2016 12 23 02 58 00       8.709
2016 12 23 02 58 30       8.719
2016 12 23 02 59 00       8.729
2016 12 23 02 59 30       8.737
2016 12 23 03 00 00       8.745
2016 12 23 03 00 30       8.755
2016 12 23 03 01 00       8.743
2016 12 23 03 01 30       8.733
2016 12 23 03 02 00       8.722
2016 12 23 03 02 30       8.713
2016 12 23 03 03 00       8.704
2016 12 23 03 03 30       8.699
2016 12 23 03 04 00       8.695
2016 12 23 03 04 30       8.693
2016 12 23 03 05 00       8.692
2016 12 23 03 05 30       8.693
2016 12 23 03 06 00       8.696
2016 12 23 03 06 30       8.700
2016 12 23 03 07 00       8.708
2016 12 23 03 07 30       8.717
2016 12 23 03 08 00       8.726
2016 12 23 03 08 30       8.737
2016 12 23 03 09 00       8.751
2016 12 23 03 09 30       8.743
2016 12 23 03 10 00       8.741
2016 12 23 03 10 30       8.742
2016 12 23 03 11 00       8.746
2016 12 23 03 11 30       8.752
2016 12 23 03 12 00       8.760
2016 12 23 03 12 30       8.769
2016 12 23 03 13 00       8.778
2016 12 23 03 13 30       8.787
2016 12 23 03 14 00       8.797
2016 12 23 03 14 30       8.807
2016 12 23 03 15 00       8.816
2016 12 23 03 15 30       8.826
2016 12 23 03 16 00       8.836
2016 12 23 03 16 30       8.845
2016 12 23 03 17 00       8.853
2016 12 23 03 17 30       8.861
2016 12 23 03 18 00       8.869
2016 12 23 03 18 30       8.878
2016 12 23 03 19 00       8.887
2016 12 23 03 19 30       8.896
2016 12 23 03 20 00       8.907
2016 12 23 03 20 30       8.918
2016 12 23 03 21 00       8.930
2016 12 23 03 21 30       8.942
2016 12 23 03 22 00       8.955
2016 12 23 03 22 30       8.968
2016 12 23 03 23 00       8.981
2016 12 23 03 23 30       8.995
2016 12 23 03 24 00       9.007
2016 12 23 03 24 30       9.020
2016 12 23 03 25 00       9.033
2016 12 23 03 25 30       9.046
2016 12 23 03 26 00       9.058
2016 12 23 03 26 30       9.071
2016 12 23 03 27 00       9.080
2016 12 23 03 27 30       9.091
2016 12 23 03 28 00       9.102
2016 12 23 03 28 30       9.113
2016 12 23 03 29 00       9.123
2016 12 23 03 29 30       9.134
2016 12 23 03 30 00       9.146
2016 12 23 03 30 30       9.160
2016 12 23 03 31 00       9.173
2016 12 23 03 31 30       9.190
2016 12 23 03 32 00       9.207
2016 12 23 03 32 30       9.223
2016 12 23 03 33 00       9.241
2016 12 23 03 33 30       9.260
2016 12 23 03 34 00       9.279
2016 12 23 03 34 30       9.300
2016 12 23 03 35 00       9.318
2016 12 23 03 35 30       9.336
2016 12 23 03 36 00       9.353
2016 12 23 03 36 30       9.368
2016 12 23 03 37 00       9.383
2016 12 23 03 37 30       9.396
2016 12 23 03 38 00       9.407
2016 12 23 03 38 30       9.419
2016 12 23 03 39 00       9.429
2016 12 23 03 39 30       9.438
2016 12 23 03 40 00       9.447
2016 12 23 03 40 30       9.457
2016 12 23 03 41 00       9.465
2016 12 23 03 41 30       9.473
2016 12 23 03 42 00       9.480
2016 12 23 03 42 30       9.487
2016 12 23 03 43 00       9.496
2016 12 23 03 43 30       9.504
2016 12 23 03 44 00       9.511
2016 12 23 03 44 30       9.520
2016 12 23 03 45 00       9.528
2016 12 23 03 45 30       9.536
2016 12 23 03 46 00       9.542
2016 12 23 03 46 30       9.550
2016 12 23 03 47 00       9.558
2016 12 23 03 47 30       9.564
2016 12 23 03 48 00       9.572
2016 12 23 03 48 30       9.580
2016 12 23 03 49 00       9.586
2016 12 23 03 49 30       9.593
2016 12 23 03 50 00       9.599
2016 12 23 03 50 30       9.605
2016 12 23 03 51 00       9.611
2016 12 23 03 51 30       9.617
2016 12 23 03 52 00       9.623
2016 12 23 03 52 30       9.630
2016 12 23 03 53 00       9.636
2016 12 23 03 53 30       9.642
2016 12 23 03 54 00       9.649
2016 12 23 03 54 30       9.655
2016 12 23 03 55 00       9.662
2016 12 23 03 55 30       9.669
2016 12 23 03 56 00       9.691
2016 12 23 03 56 30       9.712
2016 12 23 03 57 00       9.734
2016 12 23 03 57 30       9.755
2016 12 23 03 58 00       9.776
2016 12 23 03 58 30       9.798
2016 12 23 03 59 00       9.818
2016 12 23 03 59 30       9.839
2016 12 23 04 00 00       9.860
2016 12 23 04 00 30       9.880
2016 12 23 04 01 00       9.900
2016 12 23 04 01 30       9.919
2016 12 23 04 02 00       9.938
2016 12 23 04 02 30       9.956
2016 12 23 04 03 00       9.975
2016 12 23 04 03 30       9.995
2016 12 23 04 04 00      10.013
2016 12 23 04 04 30      10.032
2016 12 23 04 05 00      10.050
2016 12 23 04 05 30      10.112
2016 12 23 04 06 00      10.163
2016 12 23 04 06 30      10.208
2016 12 23 04 07 00      10.247
2016 12 23 04 07 30      10.285
2016 12 23 04 08 00      10.321
2016 12 23 04 08 30      10.356
2016 12 23 04 09 00      10.392
2016 12 23 04 09 30      10.431
2016 12 23 04 10 00      10.471
2016 12 23 04 10 30      10.512
2016 12 23 04 11 00      10.559
2016 12 23 04 11 30      10.607
2016 12 23 04 12 00      10.657
2016 12 23 04 12 30      10.709
2016 12 23 04 13 00      10.762
2016 12 23 04 13 30      10.813
2016 12 23 04 14 00      10.859
2016 12 23 04 14 30      10.901
2016 12 23 04 15 00      10.938
2016 12 23 04 15 30      10.967
2016 12 23 04 16 00      10.993
2016 12 23 04 16 30      11.012
2016 12 23 04 17 00      11.026
2016 12 23 04 17 30      11.037
2016 12 23 04 18 00      11.045
2016 12 23 04 18 30      11.052
2016 12 23 04 19 00      11.060
2016 12 23 04 19 30      11.063
2016 12 23 04 20 00      11.068
2016 12 23 04 20 30      11.073
2016 12 23 04 21 00      11.078
2016 12 23 04 21 30      11.082
2016 12 23 04 22 00      11.086
2016 12 23 04 22 30      11.092
2016 12 23 04 23 00      11.097
2016 12 23 04 23 30      11.103
2016 12 23 04 24 00      11.109
2016 12 23 04 24 30      11.116
2016 12 23 04 25 00      11.126
2016 12 23 04 25 30      11.136
2016 12 23 04 26 00      11.147
2016 12 23 04 26 30      11.159
2016 12 23 04 27 00      11.172
2016 12 23 04 27 30      11.187
2016 12 23 04 28 00      11.203
2016 12 23 04 28 30      11.221
2016 12 23 04 29 00      11.240
2016 12 23 04 29 30      11.260
2016 12 23 04 30 00      11.281
2016 12 23 04 30 30      11.304
2016 12 23 04 31 00      11.320
2016 12 23 04 31 30      11.338
2016 12 23 04 32 00      11.356
2016 12 23 04 32 30      11.374
2016 12 23 04 33 00      11.393
2016 12 23 04 33 30      11.412
2016 12 23 04 34 00      11.430
2016 12 23 04 34 30      11.450
2016 12 23 04 35 00      11.469
2016 12 23 04 35 30      11.488
2016 12 23 04 36 00      11.508
2016 12 23 04 36 30      11.527
2016 12 23 04 37 00      11.549
2016 12 23 04 37 30      11.570
2016 12 23 04 38 00      11.589
2016 12 23 04 38 30      11.609
2016 12 23 04 39 00      11.629
2016 12 23 04 39 30      11.651
2016 12 23 04 40 00      11.672
2016 12 23 04 40 30      11.693
2016 12 23 04 41 00      11.715
2016 12 23 04 41 30      11.736
2016 12 23 04 42 00      11.758
2016 12 23 04 42 30      11.782
2016 12 23 04 43 00      11.806
2016 12 23 04 43 30      11.832
2016 12 23 04 44 00      11.859
2016 12 23 04 44 30      11.886
2016 12 23 04 45 00      11.914
2016 12 23 04 45 30      11.940
2016 12 23 04 46 00      11.966
2016 12 23 04 46 30      11.989
2016 12 23 04 47 00      12.013
2016 12 23 04 47 30      12.036
2016 12 23 04 48 00      12.060
2016 12 23 04 48 30      12.081
2016 12 23 04 49 00      12.102
2016 12 23 04 49 30      12.155
2016 12 23 04 50 00      12.200
2016 12 23 04 50 30      12.240
2016 12 23 04 51 00      12.273
2016 12 23 04 51 30      12.303
2016 12 23 04 52 00      12.330
2016 12 23 04 52 30      12.354
2016 12 23 04 53 00      12.373
2016 12 23 04 53 30      12.391
2016 12 23 04 54 00      12.409
2016 12 23 04 54 30      12.426
2016 12 23 04 55 00      12.441
2016 12 23 04 55 30      12.458
2016 12 23 04 56 00      12.473
2016 12 23 04 56 30      12.490
2016 12 23 04 57 00      12.505
2016 12 23 04 57 30      12.520
2016 12 23 04 58 00      12.535
2016 12 23 04 58 30      12.549
2016 12 23 04 59 00      12.564
2016 12 23 04 59 30      12.577
2016 12 23 05 00 00      12.591
2016 12 23 05 00 30      12.605
2016 12 23 05 01 00      12.616
2016 12 23 05 01 30      12.626
2016 12 23 05 02 00      12.633
2016 12 23 05 02 30      12.638
2016 12 23 05 03 00      12.643
2016 12 23 05 03 30      12.646
2016 12 23 05 04 00      12.647
2016 12 23 05 04 30      12.644
2016 12 23 05 05 00      12.640
2016 12 23 05 05 30      12.632
2016 12 23 05 06 00      12.622
2016 12 23 05 06 30      12.611
2016 12 23 05 07 00      12.600
2016 12 23 05 07 30      12.585
2016 12 23 05 08 00      12.570
2016 12 23 05 08 30      12.554
2016 12 23 05 09 00      12.541
2016 12 23 05 09 30      12.530
2016 12 23 05 10 00      12.517
2016 12 23 05 10 30      12.502
2016 12 23 05 11 00      12.490
2016 12 23 05 11 30      12.479
2016 12 23 05 12 00      12.469
2016 12 23 05 12 30      12.458
2016 12 23 05 13 00      12.446
2016 12 23 05 13 30      12.471
2016 12 23 05 14 00      12.491
2016 12 23 05 14 30      12.511
2016 12 23 05 15 00      12.529
2016 12 23 05 15 30      12.544
2016 12 23 05 16 00      12.558
2016 12 23 05 16 30      12.570
2016 12 23 05 17 00      12.578
2016 12 23 05 17 30      12.585
2016 12 23 05 18 00      12.590
2016 12 23 05 18 30      12.593
2016 12 23 05 19 00      12.596
2016 12 23 05 19 30      12.597
2016 12 23 05 20 00      12.597
2016 12 23 05 20 30      12.595
2016 12 23 05 21 00      12.590
2016 12 23 05 21 30      12.586
2016 12 23 05 22 00      12.578
2016 12 23 05 22 30      12.572
2016 12 23 05 23 00      12.563
2016 12 23 05 23 30      12.555
2016 12 23 05 24 00      12.546
2016 12 23 05 24 30      12.533
2016 12 23 05 25 00      12.518
2016 12 23 05 25 30      12.503
2016 12 23 05 26 00      12.485
2016 12 23 05 26 30      12.467
2016 12 23 05 27 00      12.447
2016 12 23 05 27 30      12.437
2016 12 23 05 28 00      12.425
2016 12 23 05 28 30      12.413
2016 12 23 05 29 00      12.401
2016 12 23 05 29 30      12.388
2016 12 23 05 30 00      12.374
2016 12 23 05 30 30      12.360
2016 12 23 05 31 00      12.346
2016 12 23 05 31 30      12.329
2016 12 23 05 32 00      12.311
2016 12 23 05 32 30      12.293
2016 12 23 05 33 00      12.275
2016 12 23 05 33 30      12.254
2016 12 23 05 34 00      12.233
2016 12 23 05 34 30      12.213
2016 12 23 05 35 00      12.191
2016 12 23 05 35 30      12.237
2016 12 23 05 36 00      12.270
2016 12 23 05 36 30      12.295
2016 12 23 05 37 00      12.311
2016 12 23 05 37 30      12.320
2016 12 23 05 38 00      12.323
2016 12 23 05 38 30      12.322
2016 12 23 05 39 00      12.317
2016 12 23 05 39 30      12.309
2016 12 23 05 40 00      12.297
2016 12 23 05 40 30      12.283
2016 12 23 05 41 00      12.266
2016 12 23 05 41 30      12.246
2016 12 23 05 42 00      12.224
2016 12 23 05 42 30      12.200
2016 12 23 05 43 00      12.175
2016 12 23 05 43 30      12.148
2016 12 23 05 44 00      12.119
2016 12 23 05 44 30      12.089
2016 12 23 05 45 00      12.058
2016 12 23 05 45 30      12.027
2016 12 23 05 46 00      11.994
2016 12 23 05 46 30      11.961
2016 12 23 05 47 00      11.928
2016 12 23 05 47 30      11.895
2016 12 23 05 48 00      11.859
2016 12 23 05 48 30      11.825
2016 12 23 05 49 00      11.790
2016 12 23 05 49 30      11.756
2016 12 23 05 50 00      11.721
2016 12 23 05 50 30      11.685
2016 12 23 05 51 00      11.648
2016 12 23 05 51 30      11.609
2016 12 23 05 52 00      11.569
2016 12 23 05 52 30      11.529
2016 12 23 05 53 00      11.488
2016 12 23 05 53 30      11.447
2016 12 23 05 54 00      11.407
2016 12 23 05 54 30      11.367
2016 12 23 05 55 00      11.327
2016 12 23 05 55 30      11.287
2016 12 23 05 56 00      11.247
2016 12 23 05 56 30      11.208
2016 12 23 05 57 00      11.169
2016 12 23 05 57 30      11.129
2016 12 23 05 58 00      11.090
2016 12 23 05 58 30      11.050
2016 12 23 05 59 00      11.013
2016 12 23 05 59 30      10.974
2016 12 23 06 00 00      10.935
2016 12 23 06 00 30      10.896
2016 12 23 06 01 00      10.857
2016 12 23 06 01 30      10.822
2016 12 23 06 02 00      10.785
2016 12 23 06 02 30      10.748
2016 12 23 06 03 00      10.713
2016 12 23 06 03 30      10.678
2016 12 23 06 04 00      10.645
2016 12 23 06 04 30      10.613
2016 12 23 06 05 00      10.582
2016 12 23 06 05 30      10.550
2016 12 23 06 06 00      10.517
2016 12 23 06 06 30      10.485
2016 12 23 06 07 00      10.452
2016 12 23 06 07 30      10.419
2016 12 23 06 08 00      10.386
2016 12 23 06 08 30      10.351
2016 12 23 06 09 00      10.316
2016 12 23 06 09 30      10.281
2016 12 23 06 10 00      10.247
2016 12 23 06 10 30      10.210
2016 12 23 06 11 00      10.175
2016 12 23 06 11 30      10.139
2016 12 23 06 12 00      10.104
2016 12 23 06 12 30      10.068
2016 12 23 06 13 00      10.035
2016 12 23 06 13 30      10.002
2016 12 23 06 14 00       9.970
2016 12 23 06 14 30       9.939
2016 12 23 06 15 00       9.909
2016 12 23 06 15 30       9.882
2016 12 23 06 16 00       9.854
2016 12 23 06 16 30       9.826
2016 12 23 06 17 00       9.798
2016 12 23 06 17 30       9.772
2016 12 23 06 18 00       9.743
2016 12 23 06 18 30       9.716
2016 12 23 06 19 00       9.690
2016 12 23 06 19 30       9.663
2016 12 23 06 20 00       9.637
2016 12 23 06 20 30       9.612
2016 12 23 06 21 00       9.586
2016 12 23 06 21 30       9.560
2016 12 23 06 22 00       9.535
2016 12 23 06 22 30       9.510
2016 12 23 06 23 00       9.484
2016 12 23 06 23 30       9.462
2016 12 23 06 24 00       9.441
2016 12 23 06 24 30       9.422
2016 12 23 06 25 00       9.402
2016 12 23 06 25 30       9.382
2016 12 23 06 26 00       9.363
2016 12 23 06 26 30       9.344
2016 12 23 06 27 00       9.324
2016 12 23 06 27 30       9.304
2016 12 23 06 28 00       9.286
2016 12 23 06 28 30       9.267
2016 12 23 06 29 00       9.271
2016 12 23 06 29 30       9.274
2016 12 23 06 30 00       9.275
2016 12 23 06 30 30       9.274
2016 12 23 06 31 00       9.273
2016 12 23 06 31 30       9.269
2016 12 23 06 32 00       9.264
2016 12 23 06 32 30       9.260
2016 12 23 06 33 00       9.254
2016 12 23 06 33 30       9.247
2016 12 23 06 34 00       9.240
2016 12 23 06 34 30       9.233
2016 12 23 06 35 00       9.240
2016 12 23 06 35 30       9.244
2016 12 23 06 36 00       9.247
2016 12 23 06 36 30       9.250
2016 12 23 06 37 00       9.251
2016 12 23 06 37 30       9.251
2016 12 23 06 38 00       9.250
2016 12 23 06 38 30       9.249
2016 12 23 06 39 00       9.247
2016 12 23 06 39 30       9.245
2016 12 23 06 40 00       9.242
2016 12 23 06 40 30       9.238
2016 12 23 06 41 00       9.234
2016 12 23 06 41 30       9.232
2016 12 23 06 42 00       9.228
2016 12 23 06 42 30       9.223
2016 12 23 06 43 00       9.238
2016 12 23 06 43 30       9.249
2016 12 23 06 44 00       9.259
2016 12 23 06 44 30       9.265
2016 12 23 06 45 00       9.268
2016 12 23 06 45 30       9.271
2016 12 23 06 46 00       9.274
2016 12 23 06 46 30       9.275
2016 12 23 06 47 00       9.273
2016 12 23 06 47 30       9.269
2016 12 23 06 48 00       9.264
2016 12 23 06 48 30       9.259
2016 12 23 06 49 00       9.252
2016 12 23 06 49 30       9.245
2016 12 23 06 50 00       9.237
2016 12 23 06 50 30       9.226
2016 12 23 06 51 00       9.216
2016 12 23 06 51 30       9.205
2016 12 23 06 52 00       9.193
2016 12 23 06 52 30       9.181
2016 12 23 06 53 00       9.170
2016 12 23 06 53 30       9.160
2016 12 23 06 54 00       9.150
2016 12 23 06 54 30       9.141
2016 12 23 06 55 00       9.133
2016 12 23 06 55 30       9.124
2016 12 23 06 56 00       9.116
2016 12 23 06 56 30       9.109
2016 12 23 06 57 00       9.102
2016 12 23 06 57 30       9.096
2016 12 23 06 58 00       9.088
2016 12 23 06 58 30       9.081
2016 12 23 06 59 00       9.073
2016 12 23 06 59 30       9.066
2016 12 23 07 00 00       9.060
2016 12 23 07 00 30       9.052
2016 12 23 07 01 00       9.045
2016 12 23 07 01 30       9.037
2016 12 23 07 02 00       9.029
2016 12 23 07 02 30       9.022
2016 12 23 07 03 00       9.015
2016 12 23 07 03 30       9.007
2016 12 23 07 04 00       8.998
2016 12 23 07 04 30       8.991
2016 12 23 07 05 00       8.980
2016 12 23 07 05 30       8.970
2016 12 23 07 06 00       8.961
2016 12 23 07 06 30       8.953
2016 12 23 07 07 00       8.942
2016 12 23 07 07 30       8.929
2016 12 23 07 08 00       8.918
2016 12 23 07 08 30       8.907
2016 12 23 07 09 00       8.897
2016 12 23 07 09 30       8.888
2016 12 23 07 10 00       8.880
2016 12 23 07 10 30       8.874
2016 12 23 07 11 00       8.869
2016 12 23 07 11 30       8.865
2016 12 23 07 12 00       8.862
2016 12 23 07 12 30       8.860
2016 12 23 07 13 00       8.859
2016 12 23 07 13 30       8.858
2016 12 23 07 14 00       8.859
2016 12 23 07 14 30       8.861
2016 12 23 07 15 00       8.863
2016 12 23 07 15 30       8.865
2016 12 23 07 16 00       8.867
2016 12 23 07 16 30       8.867
2016 12 23 07 17 00       8.869
2016 12 23 07 17 30       8.873
2016 12 23 07 18 00       8.877
2016 12 23 07 18 30       8.835
2016 12 23 07 19 00       8.745
2016 12 23 07 19 30       8.663
2016 12 23 07 20 00       8.591
2016 12 23 07 20 30       8.525
2016 12 23 07 21 00       8.465
2016 12 23 07 21 30       8.410
2016 12 23 07 22 00       8.361
2016 12 23 07 22 30       8.315
2016 12 23 07 23 00       8.274
2016 12 23 07 23 30       8.237
2016 12 23 07 24 00       8.202
2016 12 23 07 24 30       8.171
2016 12 23 07 25 00       8.143
2016 12 23 07 25 30       8.119
2016 12 23 07 26 00       8.097
2016 12 23 07 26 30       8.079
2016 12 23 07 27 00       8.064
2016 12 23 07 27 30       8.050
2016 12 23 07 28 00       8.037
2016 12 23 07 28 30       8.030
2016 12 23 07 29 00       8.023
2016 12 23 07 29 30       8.016
2016 12 23 07 30 00       8.012
2016 12 23 07 30 30       8.007
2016 12 23 07 31 00       8.001
2016 12 23 07 31 30       7.997
2016 12 23 07 32 00       7.994
2016 12 23 07 32 30       7.992
2016 12 23 07 33 00       7.989
2016 12 23 07 33 30       7.987
2016 12 23 07 34 00       7.985
2016 12 23 07 34 30       7.986
2016 12 23 07 35 00       7.988
2016 12 23 07 35 30       7.990
2016 12 23 07 36 00       7.994
2016 12 23 07 36 30       7.999
2016 12 23 07 37 00       8.006
2016 12 23 07 37 30       8.050
2016 12 23 07 38 00       8.085
2016 12 23 07 38 30       8.111
2016 12 23 07 39 00       8.130
2016 12 23 07 39 30       8.146
2016 12 23 07 40 00       8.159
2016 12 23 07 40 30       8.170
2016 12 23 07 41 00       8.177
2016 12 23 07 41 30       8.182
2016 12 23 07 42 00       8.187
2016 12 23 07 42 30       8.190
2016 12 23 07 43 00       8.195
2016 12 23 07 43 30       8.202
2016 12 23 07 44 00       8.209
2016 12 23 07 44 30       8.215
2016 12 23 07 45 00       8.222
2016 12 23 07 45 30       8.227
2016 12 23 07 46 00       8.233
2016 12 23 07 46 30       8.239
2016 12 23 07 47 00       8.248
2016 12 23 07 47 30       8.257
2016 12 23 07 48 00       8.264
2016 12 23 07 48 30       8.272
2016 12 23 07 49 00       8.281
2016 12 23 07 49 30       8.291
2016 12 23 07 50 00       8.300
2016 12 23 07 50 30       8.311
2016 12 23 07 51 00       8.321
2016 12 23 07 51 30       8.331
2016 12 23 07 52 00       8.341
2016 12 23 07 52 30       8.352
2016 12 23 07 53 00       8.363
2016 12 23 07 53 30       8.376
2016 12 23 07 54 00       8.389
2016 12 23 07 54 30       8.405
2016 12 23 07 55 00       8.419
2016 12 23 07 55 30       8.434
2016 12 23 07 56 00       8.449
2016 12 23 07 56 30       8.465
2016 12 23 07 57 00       8.479
2016 12 23 07 57 30       8.492
2016 12 23 07 58 00       8.508
2016 12 23 07 58 30       8.521
2016 12 23 07 59 00       8.534
2016 12 23 07 59 30       8.548
2016 12 23 08 00 00       8.562
2016 12 23 08 00 30       8.578
2016 12 23 08 01 00       8.594
2016 12 23 08 01 30       8.583
2016 12 23 08 02 00       8.575
2016 12 23 08 02 30       8.570
2016 12 23 08 03 00       8.567
2016 12 23 08 03 30       8.566
2016 12 23 08 04 00       8.567
2016 12 23 08 04 30       8.571
2016 12 23 08 05 00       8.576
2016 12 23 08 05 30       8.583
2016 12 23 08 06 00       8.591
2016 12 23 08 06 30       8.600
2016 12 23 08 07 00       8.611
2016 12 23 08 07 30       8.623
2016 12 23 08 08 00       8.635
2016 12 23 08 08 30       8.647
2016 12 23 08 09 00       8.660
2016 12 23 08 09 30       8.671
2016 12 23 08 10 00       8.685
2016 12 23 08 10 30       8.699
2016 12 23 08 11 00       8.711
2016 12 23 08 11 30       8.724
2016 12 23 08 12 00       8.738
2016 12 23 08 12 30       8.751
2016 12 23 08 13 00       8.764
2016 12 23 08 13 30       8.778
2016 12 23 08 14 00       8.792
2016 12 23 08 14 30       8.807
2016 12 23 08 15 00       8.823
2016 12 23 08 15 30       8.838
2016 12 23 08 16 00       8.854
2016 12 23 08 16 30       8.871
2016 12 23 08 17 00       8.888
2016 12 23 08 17 30       8.905
2016 12 23 08 18 00       8.923
2016 12 23 08 18 30       8.941
2016 12 23 08 19 00       8.959
2016 12 23 08 19 30       8.976
2016 12 23 08 20 00       8.992
2016 12 23 08 20 30       9.008
2016 12 23 08 21 00       9.025
2016 12 23 08 21 30       9.040
2016 12 23 08 22 00       9.055
2016 12 23 08 22 30       9.070
2016 12 23 08 23 00       9.082
2016 12 23 08 23 30       9.093
2016 12 23 08 24 00       9.106
2016 12 23 08 24 30       9.117
2016 12 23 08 25 00       9.128
2016 12 23 08 25 30       9.135
2016 12 23 08 26 00       9.140
2016 12 23 08 26 30       9.145
2016 12 23 08 27 00       9.149
2016 12 23 08 27 30       9.152
2016 12 23 08 28 00       9.152
2016 12 23 08 28 30       9.155
2016 12 23 08 29 00       9.154
2016 12 23 08 29 30       9.154
2016 12 23 08 30 00       9.152
2016 12 23 08 30 30       9.150
2016 12 23 08 31 00       9.146
2016 12 23 08 31 30       9.143
2016 12 23 08 32 00       9.138
2016 12 23 08 32 30       9.134
2016 12 23 08 33 00       9.128
2016 12 23 08 33 30       9.122
2016 12 23 08 34 00       9.117
2016 12 23 08 34 30       9.111
2016 12 23 08 35 00       9.107
2016 12 23 08 35 30       9.101
2016 12 23 08 36 00       9.095
2016 12 23 08 36 30       9.088
2016 12 23 08 37 00       9.083
2016 12 23 08 37 30       9.078
2016 12 23 08 38 00       9.072
2016 12 23 08 38 30       9.065
2016 12 23 08 39 00       9.057
2016 12 23 08 39 30       9.051
2016 12 23 08 40 00       9.045
2016 12 23 08 40 30       9.038
2016 12 23 08 41 00       9.032
2016 12 23 08 41 30       9.025
2016 12 23 08 42 00       9.016
2016 12 23 08 42 30       9.008
2016 12 23 08 43 00       8.999
2016 12 23 08 43 30       8.990
2016 12 23 08 44 00       8.983
2016 12 23 08 44 30       8.976
2016 12 23 08 45 00       8.968
2016 12 23 08 45 30       8.960
2016 12 23 08 46 00       8.953
2016 12 23 08 46 30       8.945
2016 12 23 08 47 00       8.937
2016 12 23 08 47 30       8.931
2016 12 23 08 48 00       8.928
2016 12 23 08 48 30       8.925
2016 12 23 08 49 00       8.924
2016 12 23 08 49 30       8.923
2016 12 23 08 50 00       8.922
2016 12 23 08 50 30       8.922
2016 12 23 08 51 00       8.923
2016 12 23 08 51 30       8.925
2016 12 23 08 52 00       8.929
2016 12 23 08 52 30       8.932
2016 12 23 08 53 00       8.936
2016 12 23 08 53 30       8.940
2016 12 23 08 54 00       8.944
2016 12 23 08 54 30       8.947
2016 12 23 08 55 00       8.952
2016 12 23 08 55 30       8.957
2016 12 23 08 56 00       8.964
2016 12 23 08 56 30       8.969
2016 12 23 08 57 00       8.975
2016 12 23 08 57 30       8.981
2016 12 23 08 58 00       8.985
2016 12 23 08 58 30       8.991
2016 12 23 08 59 00       8.996
2016 12 23 08 59 30       8.999
2016 12 23 09 00 00       9.004
2016 12 23 09 00 30       8.948
2016 12 23 09 01 00       8.896
2016 12 23 09 01 30       8.847
2016 12 23 09 02 00       8.800
2016 12 23 09 02 30       8.755
2016 12 23 09 03 00       8.711
2016 12 23 09 03 30       8.670
2016 12 23 09 04 00       8.631
2016 12 23 09 04 30       8.596
2016 12 23 09 05 00       8.564
2016 12 23 09 05 30       8.532
2016 12 23 09 06 00       8.501
2016 12 23 09 06 30       8.473
2016 12 23 09 07 00       8.448
2016 12 23 09 07 30       8.424
2016 12 23 09 08 00       8.402
2016 12 23 09 08 30       8.381
2016 12 23 09 09 00       8.362
2016 12 23 09 09 30       8.345
2016 12 23 09 10 00       8.328
2016 12 23 09 10 30       8.313
2016 12 23 09 11 00       8.298
2016 12 23 09 11 30       8.343
2016 12 23 09 12 00       8.380
2016 12 23 09 12 30       8.408
2016 12 23 09 13 00       8.430
2016 12 23 09 13 30       8.449
2016 12 23 09 14 00       8.463
2016 12 23 09 14 30       8.474
2016 12 23 09 15 00       8.481
2016 12 23 09 15 30       8.488
2016 12 23 09 16 00       8.489
2016 12 23 09 16 30       8.492
2016 12 23 09 17 00       8.491
2016 12 23 09 17 30       8.490
2016 12 23 09 18 00       8.487
2016 12 23 09 18 30       8.483
2016 12 23 09 19 00       8.478
2016 12 23 09 19 30       8.472
2016 12 23 09 20 00       8.466
2016 12 23 09 20 30       8.459
2016 12 23 09 21 00       8.454
2016 12 23 09 21 30       8.459
2016 12 23 09 22 00       8.460
2016 12 23 09 22 30       8.460
2016 12 23 09 23 00       8.459
2016 12 23 09 23 30       8.456
2016 12 23 09 24 00       8.452
2016 12 23 09 24 30       8.444
2016 12 23 09 25 00       8.436
2016 12 23 09 25 30       8.427
2016 12 23 09 26 00       8.417
2016 12 23 09 26 30       8.407
2016 12 23 09 27 00       8.395
2016 12 23 09 27 30       8.382
2016 12 23 09 28 00       8.370
2016 12 23 09 28 30       8.356
2016 12 23 09 29 00       8.341
2016 12 23 09 29 30       8.325
2016 12 23 09 30 00       8.310
2016 12 23 09 30 30       8.293
2016 12 23 09 31 00       8.275
2016 12 23 09 31 30       8.258
2016 12 23 09 32 00       8.241
2016 12 23 09 32 30       8.223
2016 12 23 09 33 00       8.205
2016 12 23 09 33 30       8.188
2016 12 23 09 34 00       8.171
2016 12 23 09 34 30       8.154
2016 12 23 09 35 00       8.140
2016 12 23 09 35 30       8.124
2016 12 23 09 36 00       8.109
2016 12 23 09 36 30       8.095
2016 12 23 09 37 00       8.082
2016 12 23 09 37 30       8.077
2016 12 23 09 38 00       8.066
2016 12 23 09 38 30       8.053
2016 12 23 09 39 00       8.037
2016 12 23 09 39 30       8.022
2016 12 23 09 40 00       8.006
2016 12 23 09 40 30       7.987
2016 12 23 09 41 00       7.968
2016 12 23 09 41 30       7.950
2016 12 23 09 42 00       7.931
2016 12 23 09 42 30       7.913
2016 12 23 09 43 00       7.894
2016 12 23 09 43 30       7.877
2016 12 23 09 44 00       7.859
2016 12 23 09 44 30       7.843
2016 12 23 09 45 00       7.827
2016 12 23 09 45 30       7.811
2016 12 23 09 46 00       7.797
2016 12 23 09 46 30       7.784
2016 12 23 09 47 00       7.770
2016 12 23 09 47 30       7.755
2016 12 23 09 48 00       7.738
2016 12 23 09 48 30       7.722
2016 12 23 09 49 00       7.706
2016 12 23 09 49 30       7.688
2016 12 23 09 50 00       7.701
2016 12 23 09 50 30       7.706
2016 12 23 09 51 00       7.707
2016 12 23 09 51 30       7.704
2016 12 23 09 52 00       7.698
2016 12 23 09 52 30       7.689
2016 12 23 09 53 00       7.677
2016 12 23 09 53 30       7.661
2016 12 23 09 54 00       7.645
2016 12 23 09 54 30       7.629
2016 12 23 09 55 00       7.609
2016 12 23 09 55 30       7.589
2016 12 23 09 56 00       7.568
2016 12 23 09 56 30       7.546
2016 12 23 09 57 00       7.524
2016 12 23 09 57 30       7.501
2016 12 23 09 58 00       7.477
2016 12 23 09 58 30       7.454
2016 12 23 09 59 00       7.430
2016 12 23 09 59 30       7.404
2016 12 23 10 00 00       7.379
2016 12 23 10 00 30       7.354
2016 12 23 10 01 00       7.328
2016 12 23 10 01 30       7.305
2016 12 23 10 02 00       7.281
2016 12 23 10 02 30       7.257
2016 12 23 10 03 00       7.232
2016 12 23 10 03 30       7.210
2016 12 23 10 04 00       7.186
2016 12 23 10 04 30       7.164
2016 12 23 10 05 00       7.142
2016 12 23 10 05 30       7.120
2016 12 23 10 06 00       7.098
2016 12 23 10 06 30       7.058
2016 12 23 10 07 00       7.018
2016 12 23 10 07 30       6.978
2016 12 23 10 08 00       6.939
2016 12 23 10 08 30       6.901
2016 12 23 10 09 00       6.864
2016 12 23 10 09 30       6.826
2016 12 23 10 10 00       6.788
2016 12 23 10 10 30       6.752
2016 12 23 10 11 00       6.718
2016 12 23 10 11 30       6.682
2016 12 23 10 12 00       6.648
2016 12 23 10 12 30       6.615
2016 12 23 10 13 00       6.583
2016 12 23 10 13 30       6.552
2016 12 23 10 14 00       6.521
2016 12 23 10 14 30       6.491
2016 12 23 10 15 00       6.462
2016 12 23 10 15 30       6.436
2016 12 23 10 16 00       6.408
2016 12 23 10 16 30       6.381
2016 12 23 10 17 00       6.355
2016 12 23 10 17 30       6.331
2016 12 23 10 18 00       6.306
2016 12 23 10 18 30       6.283
2016 12 23 10 19 00       6.260
2016 12 23 10 19 30       6.237
2016 12 23 10 20 00       6.213
2016 12 23 10 20 30       6.190
2016 12 23 10 21 00       6.168
2016 12 23 10 21 30       6.146
2016 12 23 10 22 00       6.123
2016 12 23 10 22 30       6.098
2016 12 23 10 23 00       6.077
2016 12 23 10 23 30       6.053
2016 12 23 10 24 00       6.029
2016 12 23 10 24 30       6.005
2016 12 23 10 25 00       5.981
2016 12 23 10 25 30       5.958
2016 12 23 10 26 00       5.934
2016 12 23 10 26 30       5.911
2016 12 23 10 27 00       5.887
2016 12 23 10 27 30       5.864
2016 12 23 10 28 00       5.840
2016 12 23 10 28 30       5.817
2016 12 23 10 29 00       5.793
2016 12 23 10 29 30       5.769
2016 12 23 10 30 00       5.747
2016 12 23 10 30 30       5.722
2016 12 23 10 31 00       5.698
2016 12 23 10 31 30       5.673
2016 12 23 10 32 00       5.648
2016 12 23 10 32 30       5.625
2016 12 23 10 33 00       5.601
2016 12 23 10 33 30       5.577
2016 12 23 10 34 00       5.554
2016 12 23 10 34 30       5.531
2016 12 23 10 35 00       5.508
2016 12 23 10 35 30       5.486
2016 12 23 10 36 00       5.464
2016 12 23 10 36 30       5.441
2016 12 23 10 37 00       5.419
2016 12 23 10 37 30       5.430
2016 12 23 10 38 00       5.438
2016 12 23 10 38 30       5.443
2016 12 23 10 39 00       5.447
2016 12 23 10 39 30       5.447
2016 12 23 10 40 00       5.447
2016 12 23 10 40 30       5.447
2016 12 23 10 41 00       5.446
2016 12 23 10 41 30       5.442
2016 12 23 10 42 00       5.438
2016 12 23 10 42 30       5.434
2016 12 23 10 43 00       5.428
2016 12 23 10 43 30       5.422
2016 12 23 10 44 00       5.414
2016 12 23 10 44 30       5.407
2016 12 23 10 45 00       5.398
2016 12 23 10 45 30       5.388
2016 12 23 10 46 00       5.377
2016 12 23 10 46 30       5.365
2016 12 23 10 47 00       5.351
2016 12 23 10 47 30       5.336
2016 12 23 10 48 00       5.322
2016 12 23 10 48 30       5.307
2016 12 23 10 49 00       5.289
2016 12 23 10 49 30       5.274
2016 12 23 10 50 00       5.258
2016 12 23 10 50 30       5.242
2016 12 23 10 51 00       5.227
2016 12 23 10 51 30       5.210
2016 12 23 10 52 00       5.193
2016 12 23 10 52 30       5.179
2016 12 23 10 53 00       5.163
2016 12 23 10 53 30       5.146
2016 12 23 10 54 00       5.131
2016 12 23 10 54 30       5.113
2016 12 23 10 55 00       5.097
2016 12 23 10 55 30       5.083
2016 12 23 10 56 00       5.066
2016 12 23 10 56 30       5.049
2016 12 23 10 57 00       5.032
2016 12 23 10 57 30       4.997
2016 12 23 10 58 00       4.961
2016 12 23 10 58 30       4.924
2016 12 23 10 59 00       4.888
2016 12 23 10 59 30       4.852
2016 12 23 11 00 00       4.816
2016 12 23 11 00 30       4.780
2016 12 23 11 01 00       4.746
2016 12 23 11 01 30       4.712
2016 12 23 11 02 00       4.679
2016 12 23 11 02 30       4.647
2016 12 23 11 03 00       4.616
2016 12 23 11 03 30       4.584
2016 12 23 11 04 00       4.555
2016 12 23 11 04 30       4.526
2016 12 23 11 05 00       4.500
2016 12 23 11 05 30       4.474
2016 12 23 11 06 00       4.449
2016 12 23 11 06 30       4.427
2016 12 23 11 07 00       4.405
2016 12 23 11 07 30       4.383
2016 12 23 11 08 00       4.363
2016 12 23 11 08 30       4.343
2016 12 23 11 09 00       4.325
2016 12 23 11 09 30       4.308
2016 12 23 11 10 00       4.291
2016 12 23 11 10 30       4.274
2016 12 23 11 11 00       4.258
2016 12 23 11 11 30       4.241
2016 12 23 11 12 00       4.225
2016 12 23 11 12 30       4.210
2016 12 23 11 13 00       4.194
2016 12 23 11 13 30       4.180
2016 12 23 11 14 00       4.166
2016 12 23 11 14 30       4.153
2016 12 23 11 15 00       4.140
2016 12 23 11 15 30       4.129
2016 12 23 11 16 00       4.117
2016 12 23 11 16 30       4.106
2016 12 23 11 17 00       4.095
2016 12 23 11 17 30       4.085
2016 12 23 11 18 00       4.075
2016 12 23 11 18 30       4.064
2016 12 23 11 19 00       4.054
2016 12 23 11 19 30       4.046
2016 12 23 11 20 00       4.037
2016 12 23 11 20 30       4.031
2016 12 23 11 21 00       4.023
2016 12 23 11 21 30       4.016
2016 12 23 11 22 00       4.008
2016 12 23 11 22 30       4.001
2016 12 23 11 23 00       3.993
2016 12 23 11 23 30       3.987
2016 12 23 11 24 00       3.981
2016 12 23 11 24 30       3.975
2016 12 23 11 25 00       3.967
2016 12 23 11 25 30       3.958
2016 12 23 11 26 00       3.951
2016 12 23 11 26 30       3.946
2016 12 23 11 27 00       3.942
2016 12 23 11 27 30       3.937
2016 12 23 11 28 00       3.931
2016 12 23 11 28 30       3.926
2016 12 23 11 29 00       3.920
2016 12 23 11 29 30       3.914
2016 12 23 11 30 00       3.910
2016 12 23 11 30 30       3.913
2016 12 23 11 31 00       3.916
2016 12 23 11 31 30       3.919
2016 12 23 11 32 00       3.918
2016 12 23 11 32 30       3.918
2016 12 23 11 33 00       3.920
2016 12 23 11 33 30       3.918
2016 12 23 11 34 00       3.915
2016 12 23 11 34 30       3.913
2016 12 23 11 35 00       3.929
2016 12 23 11 35 30       3.943
2016 12 23 11 36 00       3.956
2016 12 23 11 36 30       3.967
2016 12 23 11 37 00       3.978
2016 12 23 11 37 30       3.989
2016 12 23 11 38 00       3.999
2016 12 23 11 38 30       4.007
2016 12 23 11 39 00       4.015
2016 12 23 11 39 30       4.022
2016 12 23 11 40 00       4.026
2016 12 23 11 40 30       4.031
2016 12 23 11 41 00       4.036
2016 12 23 11 41 30       4.039
2016 12 23 11 42 00       4.042
2016 12 23 11 42 30       4.045
2016 12 23 11 43 00       4.048
2016 12 23 11 43 30       4.051
2016 12 23 11 44 00       4.054
2016 12 23 11 44 30       4.055
2016 12 23 11 45 00       4.056
2016 12 23 11 45 30       4.057
2016 12 23 11 46 00       4.059
2016 12 23 11 46 30       4.060
2016 12 23 11 47 00       4.061
2016 12 23 11 47 30       4.060
2016 12 23 11 48 00       4.060
2016 12 23 11 48 30       4.060
2016 12 23 11 49 00       4.060
2016 12 23 11 49 30       4.060
2016 12 23 11 50 00       4.059
2016 12 23 11 50 30       4.059
2016 12 23 11 51 00       4.057
2016 12 23 11 51 30       4.056
2016 12 23 11 52 00       4.054
2016 12 23 11 52 30       4.053
2016 12 23 11 53 00       4.052
2016 12 23 11 53 30       4.050
2016 12 23 11 54 00       4.050
2016 12 23 11 54 30       4.047
2016 12 23 11 55 00       4.046
2016 12 23 11 55 30       4.046
2016 12 23 11 56 00       4.044
2016 12 23 11 56 30       4.043
2016 12 23 11 57 00       4.043
2016 12 23 11 57 30       4.042
2016 12 23 11 58 00       4.042
2016 12 23 11 58 30       4.042
2016 12 23 11 59 00       4.042
2016 12 23 11 59 30       4.041
2016 12 23 12 00 00       4.041
2016 12 23 12 00 30       4.041
2016 12 23 12 01 00       4.040
2016 12 23 12 01 30       4.040
2016 12 23 12 02 00       4.041
2016 12 23 12 02 30       4.042
2016 12 23 12 03 00       4.042
2016 12 23 12 03 30       4.041
2016 12 23 12 04 00       4.042
2016 12 23 12 04 30       4.042
2016 12 23 12 05 00       4.043
2016 12 23 12 05 30       4.043
2016 12 23 12 06 00       4.043
2016 12 23 12 06 30       4.042
2016 12 23 12 07 00       4.043
2016 12 23 12 07 30       4.043
2016 12 23 12 08 00       4.041
2016 12 23 12 08 30       4.040
2016 12 23 12 09 00       4.039
2016 12 23 12 09 30       4.039
2016 12 23 12 10 00       4.038
2016 12 23 12 10 30       4.037
2016 12 23 12 11 00       4.037
2016 12 23 12 11 30       4.036
2016 12 23 12 12 00       4.036
2016 12 23 12 12 30       4.037
2016 12 23 12 13 00       4.037
2016 12 23 12 13 30       4.038
2016 12 23 12 14 00       4.040
2016 12 23 12 14 30       4.039
2016 12 23 12 15 00       4.039
2016 12 23 12 15 30       4.040
2016 12 23 12 16 00       4.038
2016 12 23 12 16 30       4.036
2016 12 23 12 17 00       4.035
2016 12 23 12 17 30       4.034
2016 12 23 12 18 00       4.033
2016 12 23 12 18 30       4.032
2016 12 23 12 19 00       4.031
2016 12 23 12 19 30       4.029
2016 12 23 12 20 00       4.028
2016 12 23 12 20 30       4.028
2016 12 23 12 21 00       4.027
2016 12 23 12 21 30       4.025
2016 12 23 12 22 00       4.022
2016 12 23 12 22 30       4.021
2016 12 23 12 23 00       4.019
2016 12 23 12 23 30       4.018
2016 12 23 12 24 00       4.017
2016 12 23 12 24 30       4.014
2016 12 23 12 25 00       4.013
2016 12 23 12 25 30       4.011
2016 12 23 12 26 00       4.010
2016 12 23 12 26 30       4.007
2016 12 23 12 27 00       4.004
2016 12 23 12 27 30       4.004
2016 12 23 12 28 00       4.002
2016 12 23 12 28 30       4.001
2016 12 23 12 29 00       3.999
2016 12 23 12 29 30       3.997
2016 12 23 12 30 00       3.997
2016 12 23 12 30 30       3.996
2016 12 23 12 31 00       3.994
2016 12 23 12 31 30       3.991
2016 12 23 12 32 00       3.987
2016 12 23 12 32 30       3.983
2016 12 23 12 33 00       3.980
2016 12 23 12 33 30       3.976
2016 12 23 12 34 00       3.971
2016 12 23 12 34 30       3.966
2016 12 23 12 35 00       3.960
2016 12 23 12 35 30       3.957
2016 12 23 12 36 00       3.952
2016 12 23 12 36 30       3.946
2016 12 23 12 37 00       3.940
2016 12 23 12 37 30       3.936
2016 12 23 12 38 00       3.933
2016 12 23 12 38 30       3.929
2016 12 23 12 39 00       3.926
2016 12 23 12 39 30       3.923
2016 12 23 12 40 00       3.917
2016 12 23 12 40 30       3.914
2016 12 23 12 41 00       3.909
2016 12 23 12 41 30       3.922
2016 12 23 12 42 00       3.933
2016 12 23 12 42 30       3.943
2016 12 23 12 43 00       3.953
2016 12 23 12 43 30       3.961
2016 12 23 12 44 00       3.970
2016 12 23 12 44 30       3.977
2016 12 23 12 45 00       3.984
2016 12 23 12 45 30       3.991
2016 12 23 12 46 00       3.984
2016 12 23 12 46 30       3.976
2016 12 23 12 47 00       3.995
2016 12 23 12 47 30       4.010
2016 12 23 12 48 00       4.023
2016 12 23 12 48 30       4.033
2016 12 23 12 49 00       4.043
2016 12 23 12 49 30       4.048
2016 12 23 12 50 00       4.054
2016 12 23 12 50 30       4.057
2016 12 23 12 51 00       4.059
2016 12 23 12 51 30       4.061
2016 12 23 12 52 00       4.065
2016 12 23 12 52 30       4.067
2016 12 23 12 53 00       4.068
2016 12 23 12 53 30       4.067
2016 12 23 12 54 00       4.068
2016 12 23 12 54 30       4.068
2016 12 23 12 55 00       4.065
2016 12 23 12 55 30       4.063
2016 12 23 12 56 00       4.061
2016 12 23 12 56 30       4.059
2016 12 23 12 57 00       4.058
2016 12 23 12 57 30       4.058
2016 12 23 12 58 00       4.056
2016 12 23 12 58 30       4.055
2016 12 23 12 59 00       4.055
2016 12 23 12 59 30       4.055
2016 12 23 13 00 00       4.053
2016 12 23 13 00 30       4.052
2016 12 23 13 01 00       4.049
2016 12 23 13 01 30       4.048
2016 12 23 13 02 00       4.049
2016 12 23 13 02 30       4.049
2016 12 23 13 03 00       4.050
2016 12 23 13 03 30       4.050
2016 12 23 13 04 00       4.051
2016 12 23 13 04 30       4.050
2016 12 23 13 05 00       4.050
2016 12 23 13 05 30       4.049
2016 12 23 13 06 00       4.050
2016 12 23 13 06 30       4.045
2016 12 23 13 07 00       4.040
2016 12 23 13 07 30       4.036
2016 12 23 13 08 00       4.032
2016 12 23 13 08 30       4.027
2016 12 23 13 09 00       4.021
2016 12 23 13 09 30       4.016
2016 12 23 13 10 00       4.012
2016 12 23 13 10 30       4.007
2016 12 23 13 11 00       4.002
2016 12 23 13 11 30       3.999
2016 12 23 13 12 00       3.995
2016 12 23 13 12 30       3.991
2016 12 23 13 13 00       3.988
2016 12 23 13 13 30       3.984
2016 12 23 13 14 00       3.979
2016 12 23 13 14 30       3.974
2016 12 23 13 15 00       3.969
2016 12 23 13 15 30       3.963
2016 12 23 13 16 00       3.958
2016 12 23 13 16 30       3.953
2016 12 23 13 17 00       3.958
2016 12 23 13 17 30       3.963
2016 12 23 13 18 00       3.967
2016 12 23 13 18 30       3.973
2016 12 23 13 19 00       3.978
2016 12 23 13 19 30       3.982
2016 12 23 13 20 00       3.985
2016 12 23 13 20 30       3.987
2016 12 23 13 21 00       3.988
2016 12 23 13 21 30       3.989
2016 12 23 13 22 00       3.989
2016 12 23 13 22 30       3.988
2016 12 23 13 23 00       3.989
2016 12 23 13 23 30       3.988
2016 12 23 13 24 00       3.988
2016 12 23 13 24 30       3.987
2016 12 23 13 25 00       3.987
2016 12 23 13 25 30       3.985
2016 12 23 13 26 00       3.984
2016 12 23 13 26 30       3.984
2016 12 23 13 27 00       3.982
2016 12 23 13 27 30       3.980
2016 12 23 13 28 00       3.978
2016 12 23 13 28 30       3.977
2016 12 23 13 29 00       3.974
2016 12 23 13 29 30       3.971
2016 12 23 13 30 00       3.969
2016 12 23 13 30 30       3.967
2016 12 23 13 31 00       3.964
2016 12 23 13 31 30       3.961
2016 12 23 13 32 00       3.959
2016 12 23 13 32 30       3.957
2016 12 23 13 33 00       3.955
2016 12 23 13 33 30       3.953
2016 12 23 13 34 00       3.939
2016 12 23 13 34 30       3.948
2016 12 23 13 35 00       3.957
2016 12 23 13 35 30       3.965
2016 12 23 13 36 00       3.972
2016 12 23 13 36 30       3.977
2016 12 23 13 37 00       3.983
2016 12 23 13 37 30       3.988
2016 12 23 13 38 00       3.992
2016 12 23 13 38 30       3.994
2016 12 23 13 39 00       3.995
2016 12 23 13 39 30       3.994
2016 12 23 13 40 00       3.994
2016 12 23 13 40 30       3.992
2016 12 23 13 41 00       3.989
2016 12 23 13 41 30       3.986
2016 12 23 13 42 00       3.979
2016 12 23 13 42 30       3.972
2016 12 23 13 43 00       3.967
2016 12 23 13 43 30       3.959
2016 12 23 13 44 00       3.952
2016 12 23 13 44 30       3.944
2016 12 23 13 45 00       3.936
2016 12 23 13 45 30       3.928
2016 12 23 13 46 00       3.919
2016 12 23 13 46 30       3.910
2016 12 23 13 47 00       3.902
2016 12 23 13 47 30       3.893
2016 12 23 13 48 00       3.885
2016 12 23 13 48 30       3.880
2016 12 23 13 49 00       3.874
2016 12 23 13 49 30       3.868
2016 12 23 13 50 00       3.861
2016 12 23 13 50 30       3.855
2016 12 23 13 51 00       3.847
2016 12 23 13 51 30       3.841
2016 12 23 13 52 00       3.834
2016 12 23 13 52 30       3.837
2016 12 23 13 53 00       3.839
2016 12 23 13 53 30       3.839
2016 12 23 13 54 00       3.839
2016 12 23 13 54 30       3.838
2016 12 23 13 55 00       3.838
2016 12 23 13 55 30       3.837
2016 12 23 13 56 00       3.834
2016 12 23 13 56 30       3.831
2016 12 23 13 57 00       3.829
2016 12 23 13 57 30       3.825
2016 12 23 13 58 00       3.820
2016 12 23 13 58 30       3.817
2016 12 23 13 59 00       3.813
2016 12 23 13 59 30       3.809
2016 12 23 14 00 00       3.803
2016 12 23 14 00 30       3.797
2016 12 23 14 01 00       3.793
2016 12 23 14 01 30       3.789
2016 12 23 14 02 00       3.784
2016 12 23 14 02 30       3.780
2016 12 23 14 03 00       3.776
2016 12 23 14 03 30       3.771
2016 12 23 14 04 00       3.767
2016 12 23 14 04 30       3.763
2016 12 23 14 05 00       3.760
2016 12 23 14 05 30       3.758
2016 12 23 14 06 00       3.755
2016 12 23 14 06 30       3.755
2016 12 23 14 07 00       3.755
2016 12 23 14 07 30       3.755
2016 12 23 14 08 00       3.755
2016 12 23 14 08 30       3.756
2016 12 23 14 09 00       3.758
2016 12 23 14 09 30       3.758
2016 12 23 14 10 00       3.760
2016 12 23 14 10 30       3.759
2016 12 23 14 11 00       3.760
2016 12 23 14 11 30       3.760
2016 12 23 14 12 00       3.766
2016 12 23 14 12 30       3.769
2016 12 23 14 13 00       3.771
2016 12 23 14 13 30       3.775
2016 12 23 14 14 00       3.777
2016 12 23 14 14 30       3.781
2016 12 23 14 15 00       3.785
2016 12 23 14 15 30       3.789
2016 12 23 14 16 00       3.790
2016 12 23 14 16 30       3.793
2016 12 23 14 17 00       3.797
2016 12 23 14 17 30       3.801
2016 12 23 14 18 00       3.804
2016 12 23 14 18 30       3.808
2016 12 23 14 19 00       3.812
2016 12 23 14 19 30       3.818
2016 12 23 14 20 00       3.823
2016 12 23 14 20 30       3.826
2016 12 23 14 21 00       3.831
2016 12 23 14 21 30       3.835
2016 12 23 14 22 00       3.839
2016 12 23 14 22 30       3.839
2016 12 23 14 23 00       3.838
2016 12 23 14 23 30       3.839
2016 12 23 14 24 00       3.838
2016 12 23 14 24 30       3.840
2016 12 23 14 25 00       3.844
2016 12 23 14 25 30       3.847
2016 12 23 14 26 00       3.850
2016 12 23 14 26 30       3.852
2016 12 23 14 27 00       3.855
2016 12 23 14 27 30       3.858
2016 12 23 14 28 00       3.861
2016 12 23 14 28 30       3.863
2016 12 23 14 29 00       3.864
2016 12 23 14 29 30       3.854
2016 12 23 14 30 00       3.845
2016 12 23 14 30 30       3.836
2016 12 23 14 31 00       3.828
2016 12 23 14 31 30       3.820
2016 12 23 14 32 00       3.812
2016 12 23 14 32 30       3.805
2016 12 23 14 33 00       3.801
2016 12 23 14 33 30       3.795
2016 12 23 14 34 00       3.791
2016 12 23 14 34 30       3.786
2016 12 23 14 35 00       3.784
2016 12 23 14 35 30       3.783
2016 12 23 14 36 00       3.780
2016 12 23 14 36 30       3.779
2016 12 23 14 37 00       3.779
2016 12 23 14 37 30       3.780
2016 12 23 14 38 00       3.780
2016 12 23 14 38 30       3.779
2016 12 23 14 39 00       3.780
2016 12 23 14 39 30       3.782
2016 12 23 14 40 00       3.783
2016 12 23 14 40 30       3.784
2016 12 23 14 41 00       3.785
2016 12 23 14 41 30       3.786
2016 12 23 14 42 00       3.785
2016 12 23 14 42 30       3.786
2016 12 23 14 43 00       3.788
2016 12 23 14 43 30       3.790
2016 12 23 14 44 00       3.791
2016 12 23 14 44 30       3.792
2016 12 23 14 45 00       3.793
2016 12 23 14 45 30       3.796
2016 12 23 14 46 00       3.797
2016 12 23 14 46 30       3.798
2016 12 23 14 47 00       3.798
2016 12 23 14 47 30       3.798
2016 12 23 14 48 00       3.800
2016 12 23 14 48 30       3.802
2016 12 23 14 49 00       3.802
2016 12 23 14 49 30       3.805
2016 12 23 14 50 00       3.807
2016 12 23 14 50 30       3.809
2016 12 23 14 51 00       3.809
2016 12 23 14 51 30       3.811
2016 12 23 14 52 00       3.812
2016 12 23 14 52 30       3.814
2016 12 23 14 53 00       3.817
2016 12 23 14 53 30       3.817
2016 12 23 14 54 00       3.819
2016 12 23 14 54 30       3.821
2016 12 23 14 55 00       3.823
2016 12 23 14 55 30       3.825
2016 12 23 14 56 00       3.826
2016 12 23 14 56 30       3.828
2016 12 23 14 57 00       3.830
2016 12 23 14 57 30       3.832
2016 12 23 14 58 00       3.835
2016 12 23 14 58 30       3.838
2016 12 23 14 59 00       3.840
2016 12 23 14 59 30       3.842
2016 12 23 15 00 00       3.843
2016 12 23 15 00 30       3.844
2016 12 23 15 01 00       3.846
2016 12 23 15 01 30       3.848
2016 12 23 15 02 00       3.849
2016 12 23 15 02 30       3.850
2016 12 23 15 03 00       3.851
2016 12 23 15 03 30       3.853
2016 12 23 15 04 00       3.854
2016 12 23 15 04 30       3.856
2016 12 23 15 05 00       3.857
2016 12 23 15 05 30       3.859
2016 12 23 15 06 00       3.861
2016 12 23 15 06 30       3.862
2016 12 23 15 07 00       3.865
2016 12 23 15 07 30       3.867
2016 12 23 15 08 00       3.869
2016 12 23 15 08 30       3.872
2016 12 23 15 09 00       3.873
2016 12 23 15 09 30       3.874
2016 12 23 15 10 00       3.877
2016 12 23 15 10 30       3.879
2016 12 23 15 11 00       3.880
2016 12 23 15 11 30       3.882
2016 12 23 15 12 00       3.884
2016 12 23 15 12 30       3.884
2016 12 23 15 13 00       3.885
2016 12 23 15 13 30       3.885
2016 12 23 15 14 00       3.886
2016 12 23 15 14 30       3.886
2016 12 23 15 15 00       3.887
2016 12 23 15 15 30       3.889
2016 12 23 15 16 00       3.890
2016 12 23 15 16 30       3.891
2016 12 23 15 17 00       3.893
2016 12 23 15 17 30       3.877
2016 12 23 15 18 00       3.865
2016 12 23 15 18 30       3.854
2016 12 23 15 19 00       3.846
2016 12 23 15 19 30       3.840
2016 12 23 15 20 00       3.834
2016 12 23 15 20 30       3.829
2016 12 23 15 21 00       3.823
2016 12 23 15 21 30       3.819
2016 12 23 15 22 00       3.814
2016 12 23 15 22 30       3.809
2016 12 23 15 23 00       3.806
2016 12 23 15 23 30       3.805
2016 12 23 15 24 00       3.802
2016 12 23 15 24 30       3.800
2016 12 23 15 25 00       3.799
2016 12 23 15 25 30       3.797
2016 12 23 15 26 00       3.795
2016 12 23 15 26 30       3.795
2016 12 23 15 27 00       3.794
2016 12 23 15 27 30       3.794
2016 12 23 15 28 00       3.794
2016 12 23 15 28 30       3.795
2016 12 23 15 29 00       3.815
2016 12 23 15 29 30       3.830
2016 12 23 15 30 00       3.843
2016 12 23 15 30 30       3.855
2016 12 23 15 31 00       3.863
2016 12 23 15 31 30       3.873
2016 12 23 15 32 00       3.881
2016 12 23 15 32 30       3.889
2016 12 23 15 33 00       3.895
2016 12 23 15 33 30       3.901
2016 12 23 15 34 00       3.905
2016 12 23 15 34 30       3.909
2016 12 23 15 35 00       3.912
2016 12 23 15 35 30       3.915
2016 12 23 15 36 00       3.918
2016 12 23 15 36 30       3.921
2016 12 23 15 37 00       3.920
2016 12 23 15 37 30       3.922
2016 12 23 15 38 00       3.921
2016 12 23 15 38 30       3.921
2016 12 23 15 39 00       3.921
2016 12 23 15 39 30       3.923
2016 12 23 15 40 00       3.922
2016 12 23 15 40 30       3.922
2016 12 23 15 41 00       3.922
2016 12 23 15 41 30       3.920
2016 12 23 15 42 00       3.919
2016 12 23 15 42 30       3.922
2016 12 23 15 43 00       3.925
2016 12 23 15 43 30       3.928
2016 12 23 15 44 00       3.930
2016 12 23 15 44 30       3.933
2016 12 23 15 45 00       3.934
2016 12 23 15 45 30       3.936
2016 12 23 15 46 00       3.937
2016 12 23 15 46 30       3.938
2016 12 23 15 47 00       3.940
2016 12 23 15 47 30       3.940
2016 12 23 15 48 00       3.941
2016 12 23 15 48 30       3.941
2016 12 23 15 49 00       3.940
2016 12 23 15 49 30       3.940
2016 12 23 15 50 00       3.940
2016 12 23 15 50 30       3.941
2016 12 23 15 51 00       3.941
2016 12 23 15 51 30       3.942
2016 12 23 15 52 00       3.942
2016 12 23 15 52 30       3.942
2016 12 23 15 53 00       3.942
2016 12 23 15 53 30       3.942
2016 12 23 15 54 00       3.943
2016 12 23 15 54 30       3.943
2016 12 23 15 55 00       3.943
2016 12 23 15 55 30       3.943
2016 12 23 15 56 00       3.941
2016 12 23 15 56 30       3.940
2016 12 23 15 57 00       3.938
2016 12 23 15 57 30       3.939
2016 12 23 15 58 00       3.939
2016 12 23 15 58 30       3.937
2016 12 23 15 59 00       3.936
2016 12 23 15 59 30       3.935
2016 12 23 16 00 00       3.936
2016 12 23 16 00 30       3.936
2016 12 23 16 01 00       3.934
2016 12 23 16 01 30       3.934
2016 12 23 16 02 00       3.932
2016 12 23 16 02 30       3.931
2016 12 23 16 03 00       3.930
2016 12 23 16 03 30       3.931
2016 12 23 16 04 00       3.932
2016 12 23 16 04 30       3.932
2016 12 23 16 05 00       3.932
2016 12 23 16 05 30       3.932
2016 12 23 16 06 00       3.932
2016 12 23 16 06 30       3.931
2016 12 23 16 07 00       3.933
2016 12 23 16 07 30       3.927
2016 12 23 16 08 00       3.922
2016 12 23 16 08 30       3.918
2016 12 23 16 09 00       3.913
2016 12 23 16 09 30       3.910
2016 12 23 16 10 00       3.910
2016 12 23 16 10 30       3.910
2016 12 23 16 11 00       3.912
2016 12 23 16 11 30       3.916
2016 12 23 16 12 00       3.920
2016 12 23 16 12 30       3.924
2016 12 23 16 13 00       3.927
2016 12 23 16 13 30       3.931
2016 12 23 16 14 00       3.937
2016 12 23 16 14 30       3.942
2016 12 23 16 15 00       3.948
2016 12 23 16 15 30       3.953
2016 12 23 16 16 00       3.959
2016 12 23 16 16 30       3.964
2016 12 23 16 17 00       3.970
2016 12 23 16 17 30       3.975
2016 12 23 16 18 00       3.958
2016 12 23 16 18 30       3.944
2016 12 23 16 19 00       3.933
2016 12 23 16 19 30       3.922
2016 12 23 16 20 00       3.913
2016 12 23 16 20 30       3.906
2016 12 23 16 21 00       3.899
2016 12 23 16 21 30       3.893
2016 12 23 16 22 00       3.891
2016 12 23 16 22 30       3.890
2016 12 23 16 23 00       3.889
2016 12 23 16 23 30       3.887
2016 12 23 16 24 00       3.884
2016 12 23 16 24 30       3.883
2016 12 23 16 25 00       3.883
2016 12 23 16 25 30       3.884
2016 12 23 16 26 00       3.883
2016 12 23 16 26 30       3.883
2016 12 23 16 27 00       3.885
2016 12 23 16 27 30       3.886
2016 12 23 16 28 00       3.888
2016 12 23 16 28 30       3.891
2016 12 23 16 29 00       3.893
2016 12 23 16 29 30       3.894
2016 12 23 16 30 00       3.897
2016 12 23 16 30 30       3.902
2016 12 23 16 31 00       3.905
2016 12 23 16 31 30       3.908
2016 12 23 16 32 00       3.910
2016 12 23 16 32 30       3.911
2016 12 23 16 33 00       3.928
2016 12 23 16 33 30       3.944
2016 12 23 16 34 00       3.961
2016 12 23 16 34 30       3.961
2016 12 23 16 35 00       3.960
2016 12 23 16 35 30       3.961
2016 12 23 16 36 00       3.972
2016 12 23 16 36 30       3.984
2016 12 23 16 37 00       3.995
2016 12 23 16 37 30       4.007
2016 12 23 16 38 00       4.019
2016 12 23 16 38 30       4.032
2016 12 23 16 39 00       4.041
2016 12 23 16 39 30       4.052
2016 12 23 16 40 00       4.063
2016 12 23 16 40 30       4.075
2016 12 23 16 41 00       4.084
2016 12 23 16 41 30       4.094
2016 12 23 16 42 00       4.105
2016 12 23 16 42 30       4.115
2016 12 23 16 43 00       4.125
2016 12 23 16 43 30       4.138
2016 12 23 16 44 00       4.131
2016 12 23 16 44 30       4.124
2016 12 23 16 45 00       4.119
2016 12 23 16 45 30       4.113
2016 12 23 16 46 00       4.109
2016 12 23 16 46 30       4.104
2016 12 23 16 47 00       4.101
2016 12 23 16 47 30       4.097
2016 12 23 16 48 00       4.093
2016 12 23 16 48 30       4.091
2016 12 23 16 49 00       4.090
2016 12 23 16 49 30       4.089
2016 12 23 16 50 00       4.089
2016 12 23 16 50 30       4.089
2016 12 23 16 51 00       4.087
2016 12 23 16 51 30       4.087
2016 12 23 16 52 00       4.087
2016 12 23 16 52 30       4.089
2016 12 23 16 53 00       4.090
2016 12 23 16 53 30       4.090
2016 12 23 16 54 00       4.091
2016 12 23 16 54 30       4.092
2016 12 23 16 55 00       4.093
2016 12 23 16 55 30       4.095
2016 12 23 16 56 00       4.096
2016 12 23 16 56 30       4.098
2016 12 23 16 57 00       4.100
2016 12 23 16 57 30       4.102
2016 12 23 16 58 00       4.105
2016 12 23 16 58 30       4.107
2016 12 23 16 59 00       4.111
2016 12 23 16 59 30       4.113
2016 12 23 17 00 00       4.116
2016 12 23 17 00 30       4.118
2016 12 23 17 01 00       4.120
2016 12 23 17 01 30       4.122
2016 12 23 17 02 00       4.125
2016 12 23 17 02 30       4.128
2016 12 23 17 03 00       4.131
2016 12 23 17 03 30       4.134
2016 12 23 17 04 00       4.136
2016 12 23 17 04 30       4.139
2016 12 23 17 05 00       4.142
2016 12 23 17 05 30       4.144
2016 12 23 17 06 00       4.146
2016 12 23 17 06 30       4.148
2016 12 23 17 07 00       4.150
2016 12 23 17 07 30       4.153
2016 12 23 17 08 00       4.156
2016 12 23 17 08 30       4.159
2016 12 23 17 09 00       4.162
2016 12 23 17 09 30       4.164
2016 12 23 17 10 00       4.168
2016 12 23 17 10 30       4.171
2016 12 23 17 11 00       4.172
2016 12 23 17 11 30       4.175
2016 12 23 17 12 00       4.178
2016 12 23 17 12 30       4.181
2016 12 23 17 13 00       4.183
2016 12 23 17 13 30       4.186
2016 12 23 17 14 00       4.188
2016 12 23 17 14 30       4.190
2016 12 23 17 15 00       4.193
2016 12 23 17 15 30       4.194
2016 12 23 17 16 00       4.195
2016 12 23 17 16 30       4.196
2016 12 23 17 17 00       4.198
2016 12 23 17 17 30       4.200
2016 12 23 17 18 00       4.201
2016 12 23 17 18 30       4.202
2016 12 23 17 19 00       4.204
2016 12 23 17 19 30       4.205
2016 12 23 17 20 00       4.206
2016 12 23 17 20 30       4.206
2016 12 23 17 21 00       4.207
2016 12 23 17 21 30       4.207
2016 12 23 17 22 00       4.207
2016 12 23 17 22 30       4.207
2016 12 23 17 23 00       4.206
2016 12 23 17 23 30       4.205
2016 12 23 17 24 00       4.203
2016 12 23 17 24 30       4.201
2016 12 23 17 25 00       4.199
2016 12 23 17 25 30       4.198
2016 12 23 17 26 00       4.198
2016 12 23 17 26 30       4.198
2016 12 23 17 27 00       4.197
2016 12 23 17 27 30       4.197
2016 12 23 17 28 00       4.196
2016 12 23 17 28 30       4.197
2016 12 23 17 29 00       4.198
2016 12 23 17 29 30       4.198
2016 12 23 17 30 00       4.198
2016 12 23 17 30 30       4.199
2016 12 23 17 31 00       4.200
2016 12 23 17 31 30       4.201
2016 12 23 17 32 00       4.203
2016 12 23 17 32 30       4.205
2016 12 23 17 33 00       4.205
2016 12 23 17 33 30       4.208
2016 12 23 17 34 00       4.210
2016 12 23 17 34 30       4.211
2016 12 23 17 35 00       4.213
2016 12 23 17 35 30       4.208
2016 12 23 17 36 00       4.204
2016 12 23 17 36 30       4.203
2016 12 23 17 37 00       4.203
2016 12 23 17 37 30       4.202
2016 12 23 17 38 00       4.204
2016 12 23 17 38 30       4.206
2016 12 23 17 39 00       4.208
2016 12 23 17 39 30       4.212
2016 12 23 17 40 00       4.215
2016 12 23 17 40 30       4.220
2016 12 23 17 41 00       4.223
2016 12 23 17 41 30       4.228
2016 12 23 17 42 00       4.233
2016 12 23 17 42 30       4.238
2016 12 23 17 43 00       4.243
2016 12 23 17 43 30       4.248
2016 12 23 17 44 00       4.253
2016 12 23 17 44 30       4.259
2016 12 23 17 45 00       4.264
2016 12 23 17 45 30       4.267
2016 12 23 17 46 00       4.271
2016 12 23 17 46 30       4.279
2016 12 23 17 47 00       4.284
2016 12 23 17 47 30       4.288
2016 12 23 17 48 00       4.292
2016 12 23 17 48 30       4.297
2016 12 23 17 49 00       4.301
2016 12 23 17 49 30       4.304
2016 12 23 17 50 00       4.306
2016 12 23 17 50 30       4.309
2016 12 23 17 51 00       4.311
2016 12 23 17 51 30       4.311
2016 12 23 17 52 00       4.314
2016 12 23 17 52 30       4.315
2016 12 23 17 53 00       4.317
2016 12 23 17 53 30       4.319
2016 12 23 17 54 00       4.319
2016 12 23 17 54 30       4.320
2016 12 23 17 55 00       4.320
2016 12 23 17 55 30       4.320
2016 12 23 17 56 00       4.319
2016 12 23 17 56 30       4.318
2016 12 23 17 57 00       4.318
2016 12 23 17 57 30       4.317
2016 12 23 17 58 00       4.314
2016 12 23 17 58 30       4.312
2016 12 23 17 59 00       4.311
2016 12 23 17 59 30       4.310
2016 12 23 18 00 00       4.309
2016 12 23 18 00 30       4.308
2016 12 23 18 01 00       4.305
2016 12 23 18 01 30       4.303
2016 12 23 18 02 00       4.302
2016 12 23 18 02 30       4.301
2016 12 23 18 03 00       4.300
2016 12 23 18 03 30       4.300
2016 12 23 18 04 00       4.298
2016 12 23 18 04 30       4.297
2016 12 23 18 05 00       4.299
2016 12 23 18 05 30       4.300
2016 12 23 18 06 00       4.300
2016 12 23 18 06 30       4.301
2016 12 23 18 07 00       4.302
2016 12 23 18 07 30       4.303
2016 12 23 18 08 00       4.305
2016 12 23 18 08 30       4.306
2016 12 23 18 09 00       4.308
2016 12 23 18 09 30       4.310
2016 12 23 18 10 00       4.311
2016 12 23 18 10 30       4.313
2016 12 23 18 11 00       4.315
2016 12 23 18 11 30       4.317
2016 12 23 18 12 00       4.319
2016 12 23 18 12 30       4.321
2016 12 23 18 13 00       4.322
2016 12 23 18 13 30       4.323
2016 12 23 18 14 00       4.323
2016 12 23 18 14 30       4.326
2016 12 23 18 15 00       4.327
2016 12 23 18 15 30       4.330
2016 12 23 18 16 00       4.331
2016 12 23 18 16 30       4.331
2016 12 23 18 17 00       4.333
2016 12 23 18 17 30       4.334
2016 12 23 18 18 00       4.334
2016 12 23 18 18 30       4.334
2016 12 23 18 19 00       4.334
2016 12 23 18 19 30       4.333
2016 12 23 18 20 00       4.331
2016 12 23 18 20 30       4.331
2016 12 23 18 21 00       4.329
2016 12 23 18 21 30       4.330
2016 12 23 18 22 00       4.329
2016 12 23 18 22 30       4.328
2016 12 23 18 23 00       4.327
2016 12 23 18 23 30       4.325
2016 12 23 18 24 00       4.324
2016 12 23 18 24 30       4.321
2016 12 23 18 25 00       4.317
2016 12 23 18 25 30       4.313
2016 12 23 18 26 00       4.309
2016 12 23 18 26 30       4.303
2016 12 23 18 27 00       4.298
2016 12 23 18 27 30       4.292
2016 12 23 18 28 00       4.287
2016 12 23 18 28 30       4.280
2016 12 23 18 29 00       4.274
2016 12 23 18 29 30       4.268
2016 12 23 18 30 00       4.263
2016 12 23 18 30 30       4.241
2016 12 23 18 31 00       4.223
2016 12 23 18 31 30       4.206
2016 12 23 18 32 00       4.191
2016 12 23 18 32 30       4.179
2016 12 23 18 33 00       4.168
2016 12 23 18 33 30       4.157
2016 12 23 18 34 00       4.148
2016 12 23 18 34 30       4.138
2016 12 23 18 35 00       4.130
2016 12 23 18 35 30       4.123
2016 12 23 18 36 00       4.117
2016 12 23 18 36 30       4.112
2016 12 23 18 37 00       4.106
2016 12 23 18 37 30       4.102
2016 12 23 18 38 00       4.099
2016 12 23 18 38 30       4.096
2016 12 23 18 39 00       4.093
2016 12 23 18 39 30       4.090
2016 12 23 18 40 00       4.089
2016 12 23 18 40 30       4.088
2016 12 23 18 41 00       4.086
2016 12 23 18 41 30       4.085
2016 12 23 18 42 00       4.087
2016 12 23 18 42 30       4.087
2016 12 23 18 43 00       4.089
2016 12 23 18 43 30       4.089
2016 12 23 18 44 00       4.091
2016 12 23 18 44 30       4.092
2016 12 23 18 45 00       4.093
2016 12 23 18 45 30       4.093
2016 12 23 18 46 00       4.094
2016 12 23 18 46 30       4.095
2016 12 23 18 47 00       4.100
2016 12 23 18 47 30       4.102
2016 12 23 18 48 00       4.102
2016 12 23 18 48 30       4.105
2016 12 23 18 49 00       4.107
2016 12 23 18 49 30       4.109
2016 12 23 18 50 00       4.124
2016 12 23 18 50 30       4.137
2016 12 23 18 51 00       4.150
2016 12 23 18 51 30       4.161
2016 12 23 18 52 00       4.172
2016 12 23 18 52 30       4.183
2016 12 23 18 53 00       4.192
2016 12 23 18 53 30       4.203
2016 12 23 18 54 00       4.212
2016 12 23 18 54 30       4.222
2016 12 23 18 55 00       4.230
2016 12 23 18 55 30       4.238
2016 12 23 18 56 00       4.245
2016 12 23 18 56 30       4.253
2016 12 23 18 57 00       4.259
2016 12 23 18 57 30       4.266
2016 12 23 18 58 00       4.271
2016 12 23 18 58 30       4.275
2016 12 23 18 59 00       4.281
2016 12 23 18 59 30       4.286
2016 12 23 19 00 00       4.269
2016 12 23 19 00 30       4.256
2016 12 23 19 01 00       4.244
2016 12 23 19 01 30       4.235
2016 12 23 19 02 00       4.227
2016 12 23 19 02 30       4.221
2016 12 23 19 03 00       4.216
2016 12 23 19 03 30       4.212
2016 12 23 19 04 00       4.211
2016 12 23 19 04 30       4.208
2016 12 23 19 05 00       4.205
2016 12 23 19 05 30       4.204
2016 12 23 19 06 00       4.204
2016 12 23 19 06 30       4.206
2016 12 23 19 07 00       4.207
2016 12 23 19 07 30       4.209
2016 12 23 19 08 00       4.212
2016 12 23 19 08 30       4.216
2016 12 23 19 09 00       4.220
2016 12 23 19 09 30       4.224
2016 12 23 19 10 00       4.205
2016 12 23 19 10 30       4.188
2016 12 23 19 11 00       4.175
2016 12 23 19 11 30       4.164
2016 12 23 19 12 00       4.158
2016 12 23 19 12 30       4.152
2016 12 23 19 13 00       4.149
2016 12 23 19 13 30       4.148
2016 12 23 19 14 00       4.149
2016 12 23 19 14 30       4.150
2016 12 23 19 15 00       4.152
2016 12 23 19 15 30       4.154
2016 12 23 19 16 00       4.158
2016 12 23 19 16 30       4.161
2016 12 23 19 17 00       4.166
2016 12 23 19 17 30       4.169
2016 12 23 19 18 00       4.174
2016 12 23 19 18 30       4.180
2016 12 23 19 19 00       4.186
2016 12 23 19 19 30       4.192
2016 12 23 19 20 00       4.197
2016 12 23 19 20 30       4.203
2016 12 23 19 21 00       4.209
2016 12 23 19 21 30       4.214
2016 12 23 19 22 00       4.215
2016 12 23 19 22 30       4.216
2016 12 23 19 23 00       4.219
2016 12 23 19 23 30       4.222
2016 12 23 19 24 00       4.225
2016 12 23 19 24 30       4.230
2016 12 23 19 25 00       4.236
2016 12 23 19 25 30       4.240
2016 12 23 19 26 00       4.245
2016 12 23 19 26 30       4.249
2016 12 23 19 27 00       4.254
2016 12 23 19 27 30       4.257
2016 12 23 19 28 00       4.260
2016 12 23 19 28 30       4.266
2016 12 23 19 29 00       4.270
2016 12 23 19 29 30       4.276
2016 12 23 19 30 00       4.282
2016 12 23 19 30 30       4.288
2016 12 23 19 31 00       4.292
2016 12 23 19 31 30       4.297
2016 12 23 19 32 00       4.302
2016 12 23 19 32 30       4.306
2016 12 23 19 33 00       4.311
2016 12 23 19 33 30       4.314
2016 12 23 19 34 00       4.319
2016 12 23 19 34 30       4.324
2016 12 23 19 35 00       4.329
2016 12 23 19 35 30       4.334
2016 12 23 19 36 00       4.340
2016 12 23 19 36 30       4.344
2016 12 23 19 37 00       4.350
2016 12 23 19 37 30       4.356
2016 12 23 19 38 00       4.361
2016 12 23 19 38 30       4.366
2016 12 23 19 39 00       4.371
2016 12 23 19 39 30       4.373
2016 12 23 19 40 00       4.378
2016 12 23 19 40 30       4.383
2016 12 23 19 41 00       4.387
2016 12 23 19 41 30       4.390
2016 12 23 19 42 00       4.392
2016 12 23 19 42 30       4.395
2016 12 23 19 43 00       4.396
2016 12 23 19 43 30       4.397
2016 12 23 19 44 00       4.399
2016 12 23 19 44 30       4.403
2016 12 23 19 45 00       4.405
2016 12 23 19 45 30       4.409
2016 12 23 19 46 00       4.411
2016 12 23 19 46 30       4.413
2016 12 23 19 47 00       4.416
2016 12 23 19 47 30       4.420
2016 12 23 19 48 00       4.425
2016 12 23 19 48 30       4.429
2016 12 23 19 49 00       4.434
2016 12 23 19 49 30       4.438
2016 12 23 19 50 00       4.441
2016 12 23 19 50 30       4.446
2016 12 23 19 51 00       4.452
2016 12 23 19 51 30       4.456
2016 12 23 19 52 00       4.461
2016 12 23 19 52 30       4.466
2016 12 23 19 53 00       4.477
2016 12 23 19 53 30       4.485
2016 12 23 19 54 00       4.496
2016 12 23 19 54 30       4.507
2016 12 23 19 55 00       4.516
2016 12 23 19 55 30       4.525
2016 12 23 19 56 00       4.534
2016 12 23 19 56 30       4.542
2016 12 23 19 57 00       4.552
2016 12 23 19 57 30       4.561
2016 12 23 19 58 00       4.569
2016 12 23 19 58 30       4.578
2016 12 23 19 59 00       4.586
2016 12 23 19 59 30       4.593
2016 12 23 20 00 00       4.598
2016 12 23 20 00 30       4.605
2016 12 23 20 01 00       4.612
2016 12 23 20 01 30       4.617
2016 12 23 20 02 00       4.621
2016 12 23 20 02 30       4.624
2016 12 23 20 03 00       4.628
2016 12 23 20 03 30       4.632
2016 12 23 20 04 00       4.633
2016 12 23 20 04 30       4.635
2016 12 23 20 05 00       4.637
2016 12 23 20 05 30       4.640
2016 12 23 20 06 00       4.641
2016 12 23 20 06 30       4.641
2016 12 23 20 07 00       4.641
2016 12 23 20 07 30       4.642
2016 12 23 20 08 00       4.644
2016 12 23 20 08 30       4.645
2016 12 23 20 09 00       4.646
2016 12 23 20 09 30       4.647
2016 12 23 20 10 00       4.647
2016 12 23 20 10 30       4.648
2016 12 23 20 11 00       4.648
2016 12 23 20 11 30       4.650
2016 12 23 20 12 00       4.651
2016 12 23 20 12 30       4.651
2016 12 23 20 13 00       4.652
2016 12 23 20 13 30       4.654
2016 12 23 20 14 00       4.649
2016 12 23 20 14 30       4.646
2016 12 23 20 15 00       4.642
2016 12 23 20 15 30       4.638
2016 12 23 20 16 00       4.634
2016 12 23 20 16 30       4.631
2016 12 23 20 17 00       4.627
2016 12 23 20 17 30       4.625
2016 12 23 20 18 00       4.622
2016 12 23 20 18 30       4.619
2016 12 23 20 19 00       4.617
2016 12 23 20 19 30       4.616
2016 12 23 20 20 00       4.616
2016 12 23 20 20 30       4.615
2016 12 23 20 21 00       4.614
2016 12 23 20 21 30       4.613
2016 12 23 20 22 00       4.613
2016 12 23 20 22 30       4.613
2016 12 23 20 23 00       4.613
2016 12 23 20 23 30       4.611
2016 12 23 20 24 00       4.610
2016 12 23 20 24 30       4.610
2016 12 23 20 25 00       4.610
2016 12 23 20 25 30       4.608
2016 12 23 20 26 00       4.609
2016 12 23 20 26 30       4.609
2016 12 23 20 27 00       4.610
2016 12 23 20 27 30       4.609
2016 12 23 20 28 00       4.610
2016 12 23 20 28 30       4.613
2016 12 23 20 29 00       4.615
2016 12 23 20 29 30       4.616
2016 12 23 20 30 00       4.617
2016 12 23 20 30 30       4.618
2016 12 23 20 31 00       4.619
2016 12 23 20 31 30       4.620
2016 12 23 20 32 00       4.623
2016 12 23 20 32 30       4.625
2016 12 23 20 33 00       4.627
2016 12 23 20 33 30       4.631
2016 12 23 20 34 00       4.634
2016 12 23 20 34 30       4.637
2016 12 23 20 35 00       4.640
2016 12 23 20 35 30       4.643
2016 12 23 20 36 00       4.646
2016 12 23 20 36 30       4.649
2016 12 23 20 37 00       4.650
2016 12 23 20 37 30       4.653
2016 12 23 20 38 00       4.655
2016 12 23 20 38 30       4.656
2016 12 23 20 39 00       4.658
2016 12 23 20 39 30       4.658
2016 12 23 20 40 00       4.660
2016 12 23 20 40 30       4.663
2016 12 23 20 41 00       4.665
2016 12 23 20 41 30       4.667
2016 12 23 20 42 00       4.670
2016 12 23 20 42 30       4.674
2016 12 23 20 43 00       4.664
2016 12 23 20 43 30       4.654
2016 12 23 20 44 00       4.644
2016 12 23 20 44 30       4.634
2016 12 23 20 45 00       4.626
2016 12 23 20 45 30       4.616
2016 12 23 20 46 00       4.608
2016 12 23 20 46 30       4.601
2016 12 23 20 47 00       4.595
2016 12 23 20 47 30       4.589
2016 12 23 20 48 00       4.582
2016 12 23 20 48 30       4.575
2016 12 23 20 49 00       4.543
2016 12 23 20 49 30       4.517
2016 12 23 20 50 00       4.494
2016 12 23 20 50 30       4.476
2016 12 23 20 51 00       4.459
2016 12 23 20 51 30       4.444
2016 12 23 20 52 00       4.432
2016 12 23 20 52 30       4.421
2016 12 23 20 53 00       4.411
2016 12 23 20 53 30       4.402
2016 12 23 20 54 00       4.394
2016 12 23 20 54 30       4.385
2016 12 23 20 55 00       4.377
2016 12 23 20 55 30       4.372
2016 12 23 20 56 00       4.365
2016 12 23 20 56 30       4.359
2016 12 23 20 57 00       4.355
2016 12 23 20 57 30       4.350
2016 12 23 20 58 00       4.346
2016 12 23 20 58 30       4.341
2016 12 23 20 59 00       4.336
2016 12 23 20 59 30       4.334
2016 12 23 21 00 00       4.331
2016 12 23 21 00 30       4.327
2016 12 23 21 01 00       4.323
2016 12 23 21 01 30       4.320
2016 12 23 21 02 00       4.318
2016 12 23 21 02 30       4.315
2016 12 23 21 03 00       4.314
2016 12 23 21 03 30       4.311
2016 12 23 21 04 00       4.310
2016 12 23 21 04 30       4.308
2016 12 23 21 05 00       4.306
2016 12 23 21 05 30       4.306
2016 12 23 21 06 00       4.306
2016 12 23 21 06 30       4.306
2016 12 23 21 07 00       4.305
2016 12 23 21 07 30       4.305
2016 12 23 21 08 00       4.306
2016 12 23 21 08 30       4.307
2016 12 23 21 09 00       4.308
2016 12 23 21 09 30       4.308
2016 12 23 21 10 00       4.308
2016 12 23 21 10 30       4.307
2016 12 23 21 11 00       4.305
2016 12 23 21 11 30       4.305
2016 12 23 21 12 00       4.306
2016 12 23 21 12 30       4.306
2016 12 23 21 13 00       4.304
2016 12 23 21 13 30       4.303
2016 12 23 21 14 00       4.302
2016 12 23 21 14 30       4.303
2016 12 23 21 15 00       4.304
2016 12 23 21 15 30       4.304
2016 12 23 21 16 00       4.304
2016 12 23 21 16 30       4.305
2016 12 23 21 17 00       4.304
2016 12 23 21 17 30       4.306
2016 12 23 21 18 00       4.306
2016 12 23 21 18 30       4.307
2016 12 23 21 19 00       4.309
2016 12 23 21 19 30       4.310
2016 12 23 21 20 00       4.309
2016 12 23 21 20 30       4.310
2016 12 23 21 21 00       4.310
2016 12 23 21 21 30       4.309
2016 12 23 21 22 00       4.309
2016 12 23 21 22 30       4.311
2016 12 23 21 23 00       4.312
2016 12 23 21 23 30       4.314
2016 12 23 21 24 00       4.316
2016 12 23 21 24 30       4.317
2016 12 23 21 25 00       4.318
2016 12 23 21 25 30       4.321
2016 12 23 21 26 00       4.323
2016 12 23 21 26 30       4.327
2016 12 23 21 27 00       4.330
2016 12 23 21 27 30       4.332
2016 12 23 21 28 00       4.337
2016 12 23 21 28 30       4.341
2016 12 23 21 29 00       4.343
2016 12 23 21 29 30       4.346
2016 12 23 21 30 00       4.348
2016 12 23 21 30 30       4.352
2016 12 23 21 31 00       4.354
2016 12 23 21 31 30       4.358
2016 12 23 21 32 00       4.361
2016 12 23 21 32 30       4.431
2016 12 23 21 33 00       4.490
2016 12 23 21 33 30       4.515
2016 12 23 21 34 00       4.535
2016 12 23 21 34 30       4.549
2016 12 23 21 35 00       4.561
2016 12 23 21 35 30       4.570
2016 12 23 21 36 00       4.575
2016 12 23 21 36 30       4.580
2016 12 23 21 37 00       4.583
2016 12 23 21 37 30       4.584
2016 12 23 21 38 00       4.582
2016 12 23 21 38 30       4.579
2016 12 23 21 39 00       4.576
2016 12 23 21 39 30       4.568
2016 12 23 21 40 00       4.562
2016 12 23 21 40 30       4.556
2016 12 23 21 41 00       4.547
2016 12 23 21 41 30       4.540
2016 12 23 21 42 00       4.532
2016 12 23 21 42 30       4.525
2016 12 23 21 43 00       4.516
2016 12 23 21 43 30       4.508
2016 12 23 21 44 00       4.499
2016 12 23 21 44 30       4.489
2016 12 23 21 45 00       4.481
2016 12 23 21 45 30       4.472
2016 12 23 21 46 00       4.461
2016 12 23 21 46 30       4.450
2016 12 23 21 47 00       4.440
2016 12 23 21 47 30       4.429
2016 12 23 21 48 00       4.418
2016 12 23 21 48 30       4.410
2016 12 23 21 49 00       4.402
2016 12 23 21 49 30       4.392
2016 12 23 21 50 00       4.381
2016 12 23 21 50 30       4.372
2016 12 23 21 51 00       4.362
2016 12 23 21 51 30       4.392
2016 12 23 21 52 00       4.418
2016 12 23 21 52 30       4.442
2016 12 23 21 53 00       4.465
2016 12 23 21 53 30       4.486
2016 12 23 21 54 00       4.505
2016 12 23 21 54 30       4.521
2016 12 23 21 55 00       4.537
2016 12 23 21 55 30       4.550
2016 12 23 21 56 00       4.560
2016 12 23 21 56 30       4.569
2016 12 23 21 57 00       4.576
2016 12 23 21 57 30       4.583
2016 12 23 21 58 00       4.587
2016 12 23 21 58 30       4.591
2016 12 23 21 59 00       4.596
2016 12 23 21 59 30       4.599
2016 12 23 22 00 00       4.601
2016 12 23 22 00 30       4.603
2016 12 23 22 01 00       4.605
2016 12 23 22 01 30       4.605
2016 12 23 22 02 00       4.606
2016 12 23 22 02 30       4.605
2016 12 23 22 03 00       4.603
2016 12 23 22 03 30       4.601
2016 12 23 22 04 00       4.597
2016 12 23 22 04 30       4.594
2016 12 23 22 05 00       4.591
2016 12 23 22 05 30       4.589
2016 12 23 22 06 00       4.584
2016 12 23 22 06 30       4.578
2016 12 23 22 07 00       4.573
2016 12 23 22 07 30       4.567
2016 12 23 22 08 00       4.561
2016 12 23 22 08 30       4.554
2016 12 23 22 09 00       4.549
2016 12 23 22 09 30       4.542
2016 12 23 22 10 00       4.534
2016 12 23 22 10 30       4.527
2016 12 23 22 11 00       4.519
2016 12 23 22 11 30       4.512
2016 12 23 22 12 00       4.504
2016 12 23 22 12 30       4.498
2016 12 23 22 13 00       4.489
2016 12 23 22 13 30       4.481
2016 12 23 22 14 00       4.473
2016 12 23 22 14 30       4.464
2016 12 23 22 15 00       4.456
2016 12 23 22 15 30       4.446
2016 12 23 22 16 00       4.436
2016 12 23 22 16 30       4.427
2016 12 23 22 17 00       4.418
2016 12 23 22 17 30       4.408
2016 12 23 22 18 00       4.398
2016 12 23 22 18 30       4.387
2016 12 23 22 19 00       4.377
2016 12 23 22 19 30       4.367
2016 12 23 22 20 00       4.357
2016 12 23 22 20 30       4.349
2016 12 23 22 21 00       4.340
2016 12 23 22 21 30       4.330
2016 12 23 22 22 00       4.321
2016 12 23 22 22 30       4.313
2016 12 23 22 23 00       4.304
2016 12 23 22 23 30       4.297
2016 12 23 22 24 00       4.290
2016 12 23 22 24 30       4.282
2016 12 23 22 25 00       4.274
2016 12 23 22 25 30       4.268
2016 12 23 22 26 00       4.261
2016 12 23 22 26 30       4.254
2016 12 23 22 27 00       4.245
2016 12 23 22 27 30       4.238
2016 12 23 22 28 00       4.231
2016 12 23 22 28 30       4.223
2016 12 23 22 29 00       4.215
2016 12 23 22 29 30       4.207
2016 12 23 22 30 00       4.199
2016 12 23 22 30 30       4.192
2016 12 23 22 31 00       4.184
2016 12 23 22 31 30       4.176
2016 12 23 22 32 00       4.167
2016 12 23 22 32 30       4.159
2016 12 23 22 33 00       4.152
2016 12 23 22 33 30       4.146
2016 12 23 22 34 00       4.139
2016 12 23 22 34 30       4.131
2016 12 23 22 35 00       4.122
2016 12 23 22 35 30       4.115
2016 12 23 22 36 00       4.109
2016 12 23 22 36 30       4.102
2016 12 23 22 37 00       4.103
2016 12 23 22 37 30       4.104
2016 12 23 22 38 00       4.103
2016 12 23 22 38 30       4.102
2016 12 23 22 39 00       4.102
2016 12 23 22 39 30       4.101
2016 12 23 22 40 00       4.100
2016 12 23 22 40 30       4.097
2016 12 23 22 41 00       4.096
2016 12 23 22 41 30       4.093
2016 12 23 22 42 00       4.092
2016 12 23 22 42 30       4.090
2016 12 23 22 43 00       4.087
2016 12 23 22 43 30       4.084
2016 12 23 22 44 00       4.083
2016 12 23 22 44 30       4.080
2016 12 23 22 45 00       4.078
2016 12 23 22 45 30       4.076
2016 12 23 22 46 00       4.073
2016 12 23 22 46 30       4.070
2016 12 23 22 47 00       4.068
2016 12 23 22 47 30       4.066
2016 12 23 22 48 00       4.064
2016 12 23 22 48 30       4.061
2016 12 23 22 49 00       4.060
2016 12 23 22 49 30       4.057
2016 12 23 22 50 00       4.055
2016 12 23 22 50 30       4.050
2016 12 23 22 51 00       4.046
2016 12 23 22 51 30       4.042
2016 12 23 22 52 00       4.039
2016 12 23 22 52 30       4.036
2016 12 23 22 53 00       4.031
2016 12 23 22 53 30       4.028
2016 12 23 22 54 00       4.024
2016 12 23 22 54 30       4.022
2016 12 23 22 55 00       4.020
2016 12 23 22 55 30       4.017
2016 12 23 22 56 00       4.013
2016 12 23 22 56 30       4.010
2016 12 23 22 57 00       4.007
2016 12 23 22 57 30       4.005
2016 12 23 22 58 00       4.001
2016 12 23 22 58 30       3.998
2016 12 23 22 59 00       3.995
2016 12 23 22 59 30       3.991
2016 12 23 23 00 00       3.987
2016 12 23 23 00 30       3.983
2016 12 23 23 01 00       3.977
2016 12 23 23 01 30       3.973
2016 12 23 23 02 00       3.968
2016 12 23 23 02 30       3.963
2016 12 23 23 03 00       3.958
2016 12 23 23 03 30       3.952
2016 12 23 23 04 00       3.946
2016 12 23 23 04 30       3.941
2016 12 23 23 05 00       3.936
2016 12 23 23 05 30       3.931
2016 12 23 23 06 00       3.925
2016 12 23 23 06 30       3.908
2016 12 23 23 07 00       3.894
2016 12 23 23 07 30       3.883
2016 12 23 23 08 00       3.940
2016 12 23 23 08 30       3.986
2016 12 23 23 09 00       4.023
2016 12 23 23 09 30       4.053
2016 12 23 23 10 00       4.077
2016 12 23 23 10 30       4.098
2016 12 23 23 11 00       4.112
2016 12 23 23 11 30       4.124
2016 12 23 23 12 00       4.133
2016 12 23 23 12 30       4.138
2016 12 23 23 13 00       4.140
2016 12 23 23 13 30       4.143
2016 12 23 23 14 00       4.144
2016 12 23 23 14 30       4.144
2016 12 23 23 15 00       4.145
2016 12 23 23 15 30       4.144
2016 12 23 23 16 00       4.142
2016 12 23 23 16 30       4.140
2016 12 23 23 17 00       4.136
2016 12 23 23 17 30       4.132
2016 12 23 23 18 00       4.127
2016 12 23 23 18 30       4.120
2016 12 23 23 19 00       4.115
2016 12 23 23 19 30       4.110
2016 12 23 23 20 00       4.103
2016 12 23 23 20 30       4.098
2016 12 23 23 21 00       4.092
2016 12 23 23 21 30       4.086
2016 12 23 23 22 00       4.079
2016 12 23 23 22 30       4.072
2016 12 23 23 23 00       4.065
2016 12 23 23 23 30       4.067
2016 12 23 23 24 00       4.058
2016 12 23 23 24 30       4.049
2016 12 23 23 25 00       4.040
2016 12 23 23 25 30       4.031
2016 12 23 23 26 00       4.021
2016 12 23 23 26 30       4.013
2016 12 23 23 27 00       4.006
2016 12 23 23 27 30       3.997
2016 12 23 23 28 00       3.989
2016 12 23 23 28 30       3.980
2016 12 23 23 29 00       3.972
2016 12 23 23 29 30       3.964
2016 12 23 23 30 00       3.959
2016 12 23 23 30 30       3.952
2016 12 23 23 31 00       3.955
2016 12 23 23 31 30       3.957
2016 12 23 23 32 00       3.955
2016 12 23 23 32 30       3.954
2016 12 23 23 33 00       3.953
2016 12 23 23 33 30       3.952
2016 12 23 23 34 00       3.951
2016 12 23 23 34 30       3.949
2016 12 23 23 35 00       3.947
2016 12 23 23 35 30       3.943
2016 12 23 23 36 00       3.939
2016 12 23 23 36 30       3.934
2016 12 23 23 37 00       3.928
2016 12 23 23 37 30       3.923
2016 12 23 23 38 00       3.919
2016 12 23 23 38 30       3.914
2016 12 23 23 39 00       3.909
2016 12 23 23 39 30       3.904
2016 12 23 23 40 00       3.901
2016 12 23 23 40 30       3.897
2016 12 23 23 41 00       3.893
2016 12 23 23 41 30       3.889
2016 12 23 23 42 00       3.887
2016 12 23 23 42 30       3.884
2016 12 23 23 43 00       3.880
2016 12 23 23 43 30       3.875
2016 12 23 23 44 00       3.872
2016 12 23 23 44 30       3.868
2016 12 23 23 45 00       3.865
2016 12 23 23 45 30       3.864
2016 12 23 23 46 00       3.861
2016 12 23 23 46 30       3.858
2016 12 23 23 47 00       3.856
2016 12 23 23 47 30       3.856
2016 12 23 23 48 00       3.852
2016 12 23 23 48 30       3.850
2016 12 23 23 49 00       3.847
2016 12 23 23 49 30       3.844
2016 12 23 23 50 00       3.843
2016 12 23 23 50 30       3.840
2016 12 23 23 51 00       3.836
2016 12 23 23 51 30       3.835
2016 12 23 23 52 00       3.831
2016 12 23 23 52 30       3.829
2016 12 23 23 53 00       3.828
2016 12 23 23 53 30       3.828
2016 12 23 23 54 00       3.826
2016 12 23 23 54 30       3.825
2016 12 23 23 55 00       3.824
2016 12 23 23 55 30       3.824
2016 12 23 23 56 00       3.823
2016 12 23 23 56 30       3.823
2016 12 23 23 57 00       3.824
2016 12 23 23 57 30       3.825
2016 12 23 23 58 00       3.826
2016 12 23 23 58 30       3.828
2016 12 23 23 59 00       3.829
2016 12 23 23 59 30 -100000.000
